age,numed
39,13
50,13
38,9
53,7
28,13
37,14
49,5
52,9
31,14
42,13
37,10
30,13
23,13
32,12
40,11
34,4
25,9
32,9
38,7
43,14
40,16
54,9
35,5
43,7
59,9
56,13
19,9
54,10
39,9
49,9
23,12
20,10
45,13
30,10
22,10
48,7
21,10
19,9
31,10
48,12
31,5
53,13
24,13
49,9
25,9
57,13
53,9
44,14
41,11
29,11
25,10
18,9
47,15
50,13
47,9
43,10
46,3
35,11
41,9
30,9
30,13
32,4
48,9
42,16
29,10
36,9
28,10
53,9
49,10
25,10
19,10
31,13
29,13
23,10
79,10
27,9
40,12
67,6
18,7
31,4
18,9
52,13
46,9
59,9
44,9
53,9
49,9
33,14
30,5
43,16
57,11
37,10
28,10
30,9
34,13
29,10
48,16
37,10
48,12
32,9
76,14
44,13
47,14
20,10
29,9
32,9
17,6
30,7
31,9
42,9
24,13
38,15
56,9
28,10
36,9
53,5
56,10
49,11
55,10
22,9
21,10
40,13
30,13
29,13
19,10
47,13
20,10
31,12
35,9
39,10
28,12
24,9
38,9
37,13
46,12
38,14
43,9
27,11
20,10
49,10
61,9
27,10
19,10
45,11
70,10
31,9
22,10
36,9
64,7
43,10
47,10
34,9
33,13
21,9
52,9
48,9
23,13
71,10
29,9
42,13
68,2
25,9
44,14
28,9
45,14
36,10
39,12
46,14
18,7
66,11
27,9
28,9
51,10
27,13
28,13
27,9
21,9
34,9
18,9
33,13
44,10
43,10
30,10
40,4
37,10
34,9
41,13
53,13
31,14
58,16
38,10
24,10
41,13
47,10
41,13
23,3
36,10
40,14
35,14
24,9
26,14
19,9
51,13
42,10
37,9
18,7
36,13
35,9
58,9
17,7
44,9
37,9
35,10
60,9
54,4
37,13
50,12
38,13
45,13
25,6
31,10
64,2
90,9
54,9
53,1
18,9
60,6
66,9
75,11
65,9
35,7
41,9
25,10
33,10
28,15
59,9
40,10
41,13
38,14
23,9
40,13
41,9
24,12
20,10
38,10
56,9
58,9
32,9
40,12
45,9
41,15
42,13
59,6
19,10
58,10
42,9
20,9
32,9
45,11
50,4
36,13
45,9
17,7
59,10
26,7
37,10
19,10
64,9
33,13
33,9
61,9
17,5
50,14
27,14
30,9
43,9
44,10
35,10
25,10
24,10
22,13
42,10
34,12
60,13
21,9
57,14
41,15
50,10
25,13
50,4
36,13
31,9
29,13
21,10
27,13
65,9
37,13
39,14
24,9
38,9
48,13
21,10
31,9
55,9
24,10
43,9
26,12
46,12
35,12
41,10
26,13
34,14
19,10
36,13
22,10
24,10
77,10
22,3
29,10
62,9
39,9
43,10
35,9
29,7
76,14
63,9
23,11
43,10
58,9
66,9
41,10
26,13
47,11
55,6
53,9
17,3
30,9
49,14
19,9
45,9
26,12
38,11
36,9
33,9
22,10
43,13
67,7
30,11
56,12
31,13
33,13
26,9
33,13
46,7
59,13
38,9
65,7
40,11
42,9
26,5
36,6
62,14
43,13
43,13
22,9
28,9
56,10
22,12
57,13
39,9
26,10
17,7
40,11
45,9
44,9
20,10
33,9
23,10
46,14
38,9
54,9
46,3
25,10
46,10
36,10
23,9
29,9
44,10
19,10
19,9
35,9
27,13
46,12
34,13
34,9
44,10
45,10
20,9
25,13
52,13
20,10
28,10
50,13
34,11
28,4
41,14
28,9
46,9
28,10
32,10
41,10
24,9
33,10
46,16
31,10
35,8
52,2
30,7
34,7
34,9
20,10
17,7
32,13
29,9
33,6
25,9
36,14
23,9
63,9
47,14
80,9
17,7
40,13
30,12
27,10
33,14
34,9
34,10
23,10
42,10
29,13
45,9
24,9
44,10
27,5
20,10
44,9
51,9
20,9
17,7
19,9
45,10
60,9
42,12
44,9
40,11
30,9
38,10
23,9
32,10
44,12
54,9
32,13
50,2
24,13
37,9
52,9
38,10
49,14
30,13
60,10
22,10
35,9
30,9
67,11
46,13
17,5
22,10
27,6
23,9
33,12
43,10
28,13
41,9
52,8
25,10
63,2
59,9
45,13
38,13
40,9
46,9
35,12
34,9
33,13
41,9
20,10
23,3
26,10
72,9
23,9
62,9
52,10
58,10
25,13
24,13
19,10
43,10
47,9
39,9
49,11
53,3
32,11
34,10
28,9
57,11
25,10
20,10
21,10
34,13
38,13
50,9
24,10
37,10
44,10
28,10
42,13
74,10
38,9
44,14
44,7
26,9
36,9
41,12
67,15
39,8
57,2
29,11
31,13
34,9
44,10
29,16
30,10
27,9
27,10
32,9
58,6
35,10
21,9
28,10
46,10
36,9
72,7
35,9
33,11
69,7
35,9
31,9
34,9
30,7
28,13
54,13
47,10
24,9
52,13
20,9
43,14
45,4
29,9
47,14
24,9
51,9
17,7
37,11
27,16
29,13
18,8
36,12
58,13
26,10
65,10
57,9
59,9
27,9
31,13
21,10
29,10
18,7
52,6
57,13
42,9
55,9
60,4
31,13
23,13
27,9
23,10
42,15
25,10
49,13
32,13
19,10
60,4
42,5
35,12
48,9
51,14
29,9
36,9
17,6
52,14
24,9
24,9
26,13
27,13
39,9
30,9
50,9
52,13
46,15
23,13
45,7
65,5
29,11
47,5
30,9
34,9
38,9
33,10
49,13
47,10
49,6
43,10
30,13
58,9
19,9
21,13
33,13
47,3
52,16
26,9
60,9
21,10
36,10
31,10
50,16
31,9
71,9
58,9
30,13
20,10
24,9
35,16
38,10
27,9
29,10
70,5
34,9
44,4
43,9
44,8
35,14
27,10
43,14
20,10
42,12
27,10
42,9
20,7
24,5
48,10
17,7
17,7
33,13
50,9
22,9
17,8
32,10
31,9
58,9
29,9
37,11
34,9
23,10
18,7
34,9
66,4
45,13
41,14
26,9
54,10
24,10
42,10
20,10
23,13
25,12
35,14
31,14
30,13
19,9
36,13
31,13
21,10
31,10
46,16
44,13
40,8
45,10
60,9
18,7
28,13
36,10
36,13
40,11
36,13
31,9
33,9
19,9
22,10
34,13
33,9
41,9
29,13
50,9
42,13
43,13
44,9
20,10
31,9
65,7
23,10
55,10
26,11
25,11
45,10
35,10
36,10
43,13
56,9
42,13
19,10
55,9
42,14
26,11
17,8
42,13
55,9
32,10
29,7
46,13
29,13
22,13
58,6
23,9
39,9
27,11
54,9
33,13
46,9
37,9
36,9
59,9
34,9
53,16
51,13
32,6
31,10
22,10
47,13
32,9
26,10
37,3
31,9
37,11
55,9
23,11
36,10
34,14
43,13
54,10
43,10
28,11
40,11
41,10
40,13
42,10
61,9
18,8
59,9
21,9
48,11
41,13
18,10
23,9
60,9
22,10
61,9
25,9
46,14
43,13
43,12
24,9
68,7
31,9
17,7
32,9
50,14
33,13
64,13
20,9
30,9
22,10
43,10
22,10
17,6
47,9
41,11
56,10
64,9
47,9
48,11
31,14
29,11
30,9
32,9
57,9
62,9
39,9
43,10
24,13
42,7
53,10
26,10
73,9
72,7
55,9
25,9
41,13
24,13
63,9
17,7
35,10
51,10
62,13
55,9
43,10
40,9
37,13
39,13
31,9
61,14
26,11
46,9
26,13
48,16
34,9
34,9
59,9
34,13
49,13
18,7
43,9
48,7
28,10
33,9
24,10
21,6
17,7
39,10
29,13
44,13
24,10
71,14
51,13
55,3
41,13
23,9
38,11
39,9
19,9
49,5
32,13
27,9
38,13
33,10
63,10
23,13
33,10
54,9
29,11
48,10
35,13
28,11
37,13
42,15
40,14
47,10
22,13
30,13
28,9
63,4
51,5
22,9
27,12
35,9
46,9
37,10
24,13
37,9
53,10
27,9
38,10
53,6
34,10
23,9
39,13
43,14
67,9
81,9
21,10
23,10
25,10
42,3
38,10
64,9
32,9
37,9
51,14
22,10
33,2
42,9
19,10
51,1
23,9
37,7
37,9
47,14
41,15
33,9
31,13
31,12
35,9
38,9
18,9
20,9
54,10
40,10
36,13
43,10
44,10
44,9
43,14
51,4
18,9
51,10
41,6
44,10
33,6
33,13
42,12
25,10
32,9
32,13
36,6
28,9
20,9
35,10
55,9
48,13
36,11
34,9
28,13
67,13
37,9
44,9
25,10
21,10
40,14
78,9
34,9
49,9
22,12
23,9
60,9
45,9
63,11
41,9
47,9
44,9
51,10
46,13
41,11
50,9
47,9
35,9
56,9
45,14
48,13
40,10
39,13
20,10
50,16
38,9
23,13
31,9
58,13
66,9
39,9
54,9
26,10
51,9
34,11
50,9
42,10
38,14
48,4
33,11
51,9
22,9
19,9
41,10
48,14
42,9
34,10
23,9
56,9
30,13
45,9
48,6
48,14
31,11
20,12
27,10
32,9
76,4
19,9
66,5
37,9
34,9
34,7
90,9
23,10
43,10
44,13
24,10
28,15
64,12
23,10
20,10
36,13
61,9
53,13
30,13
52,10
38,10
32,13
30,8
41,11
49,14
45,9
43,9
61,9
54,9
34,12
49,10
38,10
35,15
36,8
30,13
36,12
22,13
38,9
37,9
48,16
17,7
19,10
27,13
22,13
49,9
43,11
43,13
19,9
58,9
41,10
31,10
30,11
32,9
29,13
42,10
38,9
41,12
44,13
31,16
34,9
21,10
22,13
62,6
19,9
29,9
43,10
68,4
45,13
39,5
41,13
34,12
34,9
31,13
29,9
41,13
41,11
35,14
33,13
37,13
69,9
34,9
60,11
36,10
41,9
58,13
53,13
29,10
45,9
34,10
36,13
48,10
20,11
35,9
63,9
41,10
28,13
30,10
34,9
31,9
37,11
42,10
31,10
46,14
35,9
27,9
41,2
19,10
20,10
59,9
40,13
56,10
33,14
30,10
46,9
61,9
50,9
25,9
40,10
24,10
51,9
43,9
34,10
46,9
28,14
26,13
20,9
44,11
51,9
33,13
54,12
50,13
33,9
65,13
22,10
88,15
40,9
51,9
50,7
25,14
20,11
47,9
58,10
22,11
50,9
47,9
24,7
50,9
40,13
36,13
32,9
44,9
51,14
59,10
65,9
24,13
27,13
51,11
48,10
39,9
28,13
19,10
49,13
51,12
59,14
18,9
50,9
45,9
30,13
37,13
44,13
33,10
61,14
61,9
38,13
22,10
36,9
44,10
37,10
31,10
54,16
20,10
63,13
48,10
33,9
31,13
38,15
45,9
48,9
53,10
55,9
38,14
29,9
36,13
42,10
50,9
75,15
46,13
52,9
27,13
43,9
31,7
23,10
34,9
41,9
31,9
42,10
35,14
55,9
36,9
65,9
38,10
62,10
54,15
49,9
34,9
32,9
51,14
48,10
30,9
52,9
28,10
29,9
38,13
57,9
43,13
37,10
30,9
53,9
69,11
73,9
22,10
31,9
38,13
50,10
37,10
44,13
47,13
27,10
28,12
25,9
20,10
51,13
46,13
67,13
47,9
42,9
52,9
42,12
65,9
21,10
50,9
46,10
47,13
57,6
37,13
50,9
58,8
63,2
39,9
46,14
36,9
26,3
21,10
41,12
44,10
22,9
29,10
29,9
58,10
36,15
30,11
37,13
29,11
26,3
43,9
49,9
45,13
28,13
20,10
51,9
32,10
24,9
35,16
35,12
41,13
48,13
61,9
20,10
27,9
55,10
39,9
17,6
47,9
52,9
24,9
29,7
25,9
20,10
23,9
57,15
51,11
33,10
39,13
40,9
71,13
38,10
28,15
57,14
47,10
59,9
26,9
35,13
61,13
17,7
36,13
62,4
34,10
32,13
42,9
39,10
58,3
61,9
40,6
31,13
36,9
23,10
33,9
52,9
22,9
51,10
31,11
49,9
49,9
53,10
52,9
20,6
26,12
61,9
43,14
46,13
43,11
41,9
44,9
54,9
65,14
32,13
25,10
23,13
25,13
19,10
37,9
45,10
37,9
40,10
19,10
17,7
27,13
40,4
59,9
19,9
43,6
42,6
54,9
54,14
51,6
50,9
40,9
55,12
50,9
31,9
42,9
24,9
30,7
39,12
37,9
33,9
48,9
43,9
39,13
53,10
52,6
28,10
32,9
31,13
31,13
47,10
19,10
40,11
40,12
41,7
53,9
46,7
45,13
39,5
19,9
57,9
49,11
59,9
32,11
18,10
35,10
58,6
28,13
36,12
41,14
47,9
50,9
61,9
36,9
38,11
56,9
50,11
45,10
44,9
51,10
44,10
25,9
60,7
17,6
49,14
46,9
56,9
25,9
22,10
76,9
41,15
48,9
46,6
30,10
39,9
40,6
70,9
35,10
49,14
24,11
40,12
61,15
25,13
28,13
69,14
22,10
47,9
38,9
26,11
17,7
33,10
43,9
58,11
53,9
26,9
43,13
31,6
30,9
25,9
57,9
37,14
32,10
26,9
45,9
53,9
27,9
28,7
32,7
35,13
36,10
19,10
37,13
49,10
20,10
64,13
60,14
32,12
58,9
42,9
20,10
42,10
25,10
30,11
37,13
66,11
59,13
44,13
46,9
59,13
25,13
17,5
47,13
47,5
30,10
20,10
26,13
20,10
33,9
48,9
52,13
37,9
47,9
40,6
48,14
49,6
50,10
30,12
34,10
43,9
22,6
35,9
26,9
62,15
39,9
59,10
69,3
27,13
17,6
38,13
41,10
27,6
23,9
17,6
56,4
24,10
62,16
44,8
23,13
41,9
25,9
21,10
18,8
45,10
75,13
51,4
42,9
47,10
29,10
33,7
43,13
20,10
19,13
44,12
24,10
19,10
49,6
52,11
38,9
24,10
32,13
72,9
26,9
31,13
29,13
39,9
48,9
40,10
51,10
28,9
22,9
23,13
65,10
26,13
20,10
55,14
38,13
33,9
33,9
37,13
19,7
24,13
30,7
57,9
22,10
57,9
46,9
67,9
35,9
47,9
39,6
50,10
58,8
36,12
45,14
54,9
26,13
60,9
46,15
26,10
32,7
38,9
48,10
44,9
37,9
44,10
31,9
61,15
51,9
52,13
45,9
36,12
39,7
67,9
40,12
27,3
37,2
57,10
27,6
28,9
34,13
54,9
52,9
42,13
48,14
65,14
55,15
71,9
33,10
30,9
35,13
59,6
19,10
36,5
26,9
34,9
41,9
44,13
26,9
47,9
18,10
55,6
49,9
44,13
43,13
62,4
44,9
39,9
50,10
35,7
52,9
46,15
44,12
43,10
51,4
20,10
47,12
43,14
64,9
24,10
27,10
32,9
37,9
26,9
43,13
50,9
20,9
37,9
43,9
37,9
53,5
44,16
25,9
17,7
19,9
53,9
44,10
51,9
49,9
35,10
44,9
54,14
37,10
18,10
24,10
29,9
22,10
35,9
56,9
32,4
24,13
43,14
73,9
47,10
49,8
38,13
31,9
39,10
42,13
41,14
35,13
38,9
31,9
51,9
38,13
40,10
21,9
44,10
55,9
29,9
49,14
31,11
24,14
46,10
26,9
35,13
27,11
64,13
26,13
21,9
45,13
57,9
30,13
45,7
50,4
38,13
43,10
42,10
32,13
20,9
27,9
45,7
40,9
38,9
37,9
60,6
53,9
25,13
47,13
40,9
51,9
19,10
42,10
65,9
41,13
28,6
46,14
49,13
24,9
32,7
71,9
26,10
29,9
50,10
51,11
17,6
49,9
31,6
23,7
59,9
17,6
43,10
38,13
37,9
29,6
39,13
31,12
42,13
35,14
39,14
40,12
66,3
30,5
43,12
47,5
45,14
31,10
33,9
32,13
28,12
50,9
63,4
28,13
38,10
52,9
38,15
41,9
50,14
59,7
32,9
73,4
52,9
57,9
35,11
51,13
22,7
49,9
22,9
46,9
48,9
52,9
43,13
25,4
31,4
19,10
19,10
51,9
51,13
22,9
37,9
19,10
45,9
21,10
52,9
46,10
42,14
56,9
23,9
58,14
70,9
30,10
45,13
23,10
34,10
38,13
24,11
53,4
45,9
21,10
21,10
34,13
32,9
21,9
63,14
23,5
28,13
29,9
25,13
44,14
18,9
26,9
47,12
23,9
46,10
61,13
25,9
38,9
60,13
23,10
36,9
46,5
32,13
40,6
31,9
31,10
32,13
21,10
63,10
44,10
42,13
23,13
30,10
24,9
42,13
44,9
27,13
27,10
22,9
68,9
55,10
22,9
25,10
68,9
62,10
26,9
34,14
68,10
42,13
45,13
26,7
25,9
23,13
29,10
65,4
31,9
26,9
39,10
44,9
45,14
26,14
26,6
36,5
38,7
39,9
52,15
39,2
41,10
42,14
47,13
28,11
25,13
35,13
32,9
38,14
44,10
21,10
27,13
30,13
30,13
45,9
20,9
57,14
43,10
50,7
28,4
25,9
25,9
90,13
38,13
35,13
50,13
26,9
39,10
56,6
24,9
46,9
18,7
37,14
57,14
43,9
29,13
40,14
44,13
77,9
30,13
21,9
66,6
40,7
68,9
64,9
26,13
32,10
32,9
51,14
50,14
49,13
28,13
29,9
21,10
28,9
55,6
45,9
35,10
31,7
26,14
30,9
33,9
40,13
23,13
35,10
48,7
39,6
53,15
49,9
31,13
36,9
60,10
29,9
54,10
28,12
34,9
30,10
19,9
26,9
47,10
50,9
30,13
44,10
49,9
75,14
37,13
51,9
35,9
28,10
66,9
72,5
39,13
27,9
57,10
24,4
28,9
23,10
31,13
23,10
31,10
27,13
30,13
31,15
34,14
57,9
39,14
23,7
24,12
36,16
32,10
35,12
36,13
23,13
47,11
35,9
44,10
32,14
32,12
63,10
34,11
47,9
27,7
23,9
19,10
50,6
49,10
36,10
23,13
61,4
41,10
27,13
53,13
17,6
23,9
53,10
28,9
24,13
22,10
53,13
18,7
24,10
20,9
30,4
37,11
34,9
19,9
20,8
47,9
20,10
22,13
42,14
60,10
32,9
46,9
66,9
37,13
34,10
45,13
35,7
63,9
51,10
36,10
25,9
51,9
25,10
19,9
47,10
59,9
34,13
40,10
42,9
28,9
37,14
51,12
25,9
31,9
37,9
42,12
29,13
35,10
51,13
22,10
49,10
26,13
56,9
52,10
61,14
47,13
52,11
30,9
43,10
35,10
17,8
42,9
26,10
58,9
66,10
30,9
46,10
45,10
57,9
25,13
21,10
37,9
45,14
61,16
39,9
42,9
20,9
23,9
25,13
47,3
24,9
20,10
35,9
44,9
47,10
28,7
41,14
31,9
27,14
47,11
44,9
61,10
42,10
46,9
46,13
54,14
49,9
56,10
52,14
34,9
25,9
18,7
58,9
31,13
29,10
28,7
30,10
21,10
44,14
75,6
66,7
26,10
33,13
57,14
47,3
41,9
21,10
17,7
61,13
47,9
22,10
47,9
45,13
32,11
59,6
38,9
33,9
41,9
51,5
42,9
27,13
60,10
64,9
37,12
54,13
36,12
34,13
41,14
35,4
63,14
46,9
47,14
24,13
29,10
74,10
50,7
22,10
48,8
30,5
32,13
39,9
49,10
25,13
50,13
44,9
65,11
28,12
55,13
49,13
31,9
47,9
45,9
35,9
34,13
49,9
39,10
27,9
42,9
60,3
64,9
33,10
23,10
45,14
34,9
53,9
22,6
57,9
20,10
23,4
31,7
23,13
30,9
32,13
42,12
51,4
59,13
36,13
45,9
35,11
33,4
43,11
60,9
37,13
35,10
36,10
38,15
54,4
51,11
45,12
63,10
51,10
58,14
64,9
20,10
44,13
39,13
45,10
44,16
22,10
63,9
26,11
42,13
20,9
29,14
38,13
25,9
27,13
46,11
31,10
24,11
43,10
23,8
32,9
44,9
40,13
38,9
23,11
19,10
41,10
48,9
23,10
47,12
42,9
17,6
29,15
21,10
18,7
31,9
27,13
29,16
23,13
41,14
46,13
34,10
42,9
18,9
46,9
18,7
52,10
56,9
21,11
22,9
31,13
41,9
25,10
43,13
45,9
26,10
90,10
45,13
30,13
42,10
20,10
53,13
64,9
56,4
42,10
26,13
31,12
40,13
58,10
41,13
58,9
62,14
65,13
40,10
45,10
22,9
23,10
63,14
39,13
37,10
25,13
56,7
32,10
53,10
32,11
23,7
35,7
51,10
19,10
41,7
22,6
23,9
36,14
27,10
45,11
23,9
21,7
44,14
29,13
36,11
18,5
62,8
25,10
34,12
31,13
37,13
33,13
22,10
28,12
22,10
47,9
67,7
20,6
34,13
26,15
36,10
28,9
22,9
47,10
33,11
34,14
25,9
37,5
36,9
61,13
74,5
57,10
55,16
20,9
43,9
54,9
25,10
42,10
23,10
17,7
39,9
63,4
19,10
56,13
33,13
37,13
27,4
36,13
30,9
22,13
35,10
20,9
18,10
25,8
53,14
21,10
19,9
34,9
32,10
20,10
70,4
57,13
54,10
34,11
48,10
42,7
45,9
27,10
51,6
36,10
33,10
50,10
44,13
39,14
55,5
24,10
35,9
32,8
66,13
68,9
29,7
24,13
61,5
34,9
55,15
20,10
41,9
36,9
60,9
61,9
35,15
42,13
26,13
44,10
31,14
39,9
20,10
32,10
32,9
61,5
54,10
23,12
19,9
31,10
35,3
29,9
29,9
25,6
46,13
35,11
20,6
24,9
48,9
37,9
60,9
39,9
29,10
31,11
38,11
26,12
64,13
46,11
69,9
39,9
48,9
46,9
42,13
39,9
50,14
24,13
30,11
39,13
29,9
23,7
21,11
32,6
69,13
55,9
41,10
44,13
18,7
74,13
40,16
27,9
75,5
55,9
52,4
54,10
36,9
76,10
26,9
18,7
38,9
50,13
19,10
32,10
57,13
20,9
27,10
31,13
60,3
52,9
61,4
57,9
19,10
59,15
34,9
31,12
42,9
70,10
47,13
47,9
29,10
27,7
25,8
51,13
28,9
35,13
36,10
54,14
46,11
52,11
65,4
43,11
41,9
34,13
47,13
49,14
21,10
20,10
18,8
27,10
34,9
38,10
24,9
34,10
47,9
27,9
63,11
34,10
25,10
54,9
19,10
35,9
24,10
26,10
59,11
43,16
20,10
41,9
51,10
27,9
36,9
25,10
55,13
22,10
58,16
43,10
39,11
40,5
46,9
54,9
19,10
24,9
53,9
24,14
29,9
56,10
54,9
21,10
34,5
56,7
34,13
19,6
32,9
48,9
67,14
47,9
52,9
40,2
28,6
41,13
57,2
51,9
26,7
36,13
33,10
46,13
50,9
33,10
77,9
39,14
67,9
35,12
23,6
37,11
41,9
60,12
32,13
56,9
45,11
24,9
18,6
31,9
21,10
45,13
23,10
45,10
18,7
25,9
31,9
19,9
41,13
74,15
27,3
23,9
31,11
40,9
41,9
25,14
42,9
24,13
42,12
45,6
52,9
34,11
32,9
54,9
42,7
32,13
40,10
55,13
66,7
52,14
21,10
33,13
52,11
28,3
27,7
42,13
27,10
47,11
19,9
46,10
55,9
50,4
32,10
28,9
23,9
43,14
34,13
19,10
37,10
27,13
18,9
31,10
49,9
26,15
48,9
39,9
41,9
48,11
40,13
70,13
20,9
38,3
37,10
49,10
51,9
43,2
38,15
18,7
23,4
34,9
62,10
33,10
31,10
64,10
26,13
55,10
61,13
37,9
78,13
27,10
49,9
55,14
42,13
22,9
61,5
64,13
46,9
24,13
27,10
47,9
18,10
48,9
50,9
40,14
56,6
34,9
56,13
18,7
21,10
40,9
27,9
52,15
46,9
23,9
50,10
19,10
20,9
39,10
24,7
72,11
42,14
42,13
51,13
39,9
40,10
34,10
19,7
26,9
45,13
28,14
30,13
32,9
19,10
21,9
54,9
62,15
25,10
49,10
32,9
26,10
37,9
58,9
37,10
41,9
38,13
47,9
42,9
30,9
43,10
34,9
57,10
46,7
32,10
20,5
47,11
55,9
53,4
43,13
80,4
24,10
43,14
22,9
40,10
48,9
56,9
34,7
51,9
24,9
19,9
34,10
24,9
41,13
24,9
22,10
32,10
41,13
20,10
31,9
55,13
49,16
26,13
27,9
35,9
40,9
59,10
61,10
31,9
43,14
61,3
54,12
30,10
20,10
27,14
44,10
64,10
55,9
34,9
61,9
28,13
34,9
47,15
26,13
35,7
36,13
47,13
17,7
35,10
33,14
25,12
18,6
47,14
44,9
41,9
30,13
53,10
53,9
40,9
24,10
27,13
50,3
36,7
41,2
41,14
31,9
32,13
22,10
22,6
18,8
39,13
38,9
35,9
23,10
54,13
36,14
63,9
39,10
57,10
58,15
29,13
17,7
40,9
69,10
28,6
38,5
44,15
45,15
33,13
41,10
37,9
50,10
48,13
26,9
36,10
21,10
37,12
20,10
54,9
28,9
27,10
33,11
46,9
28,7
17,6
40,15
47,14
44,2
25,8
35,13
29,10
30,9
30,10
56,4
25,13
28,9
43,5
47,9
46,13
41,14
38,12
29,9
25,3
56,7
31,4
22,7
31,9
28,10
53,13
45,14
71,1
65,9
39,9
19,9
34,13
36,9
40,9
90,10
56,15
21,9
48,13
45,10
46,9
64,6
29,14
22,9
47,9
67,13
43,9
42,10
31,10
53,7
81,5
33,9
17,8
55,15
28,9
24,10
40,9
30,14
24,7
26,14
38,10
30,9
33,13
40,9
63,9
23,4
56,9
42,11
40,9
49,12
35,9
52,9
28,13
35,6
21,10
43,9
32,11
29,15
23,13
50,10
34,10
19,9
47,7
37,10
25,9
75,10
24,9
28,13
17,7
31,9
31,1
18,9
45,13
31,9
27,13
48,10
22,9
34,13
26,9
53,10
60,13
49,14
40,10
48,6
23,13
68,4
42,11
37,9
27,9
38,10
27,9
75,9
49,13
27,10
36,13
36,13
35,9
36,9
53,7
27,10
34,9
61,10
29,9
40,10
37,14
22,5
43,10
55,9
28,10
23,13
64,7
46,10
29,10
44,14
20,10
62,10
49,11
29,6
35,13
39,7
39,13
37,9
38,9
72,9
31,4
55,4
38,10
33,10
25,12
19,10
37,11
49,10
26,9
35,9
44,9
37,14
42,13
64,16
28,9
35,9
40,13
55,13
21,9
49,10
51,16
57,15
51,13
38,6
24,9
45,9
28,9
42,15
22,10
28,14
60,9
31,9
47,10
40,9
30,9
61,14
71,13
42,9
44,8
46,10
50,15
27,13
40,11
21,10
25,9
61,3
54,10
31,13
53,10
39,12
57,15
48,13
30,10
35,9
42,9
34,9
59,9
69,6
29,10
40,9
21,10
40,12
43,10
36,9
41,9
72,9
20,10
41,13
34,10
48,7
27,9
35,10
28,9
27,9
20,10
18,10
32,13
38,14
23,10
28,13
40,15
35,9
74,10
28,9
23,10
20,10
44,9
46,9
20,10
51,13
40,10
48,15
60,5
48,13
46,13
48,13
22,9
24,13
45,10
18,8
39,9
65,9
22,10
20,10
28,10
46,15
42,13
61,16
28,10
18,10
24,13
45,16
24,9
44,13
20,10
35,10
52,13
25,12
19,3
35,13
54,10
21,10
26,9
42,11
19,10
55,14
44,9
25,13
26,10
64,12
41,7
25,10
43,10
45,9
48,13
60,9
45,10
51,6
37,9
22,10
44,9
27,9
47,9
32,14
40,13
41,9
32,6
26,13
47,10
55,9
38,9
24,13
64,16
56,13
41,9
33,9
33,15
21,10
59,9
58,11
43,14
21,9
45,9
53,9
41,15
27,6
53,10
38,14
31,13
41,9
22,10
43,14
41,10
27,10
41,10
36,15
49,13
20,9
58,9
35,8
30,9
21,9
29,12
40,9
54,13
35,13
35,13
40,13
59,9
43,10
39,6
51,4
71,10
33,8
28,9
30,9
20,3
51,9
39,9
62,10
37,9
28,5
23,9
39,13
50,13
31,4
45,13
23,13
47,6
59,9
32,12
82,4
49,13
74,9
22,10
32,10
34,13
59,13
36,13
59,7
47,13
53,9
25,10
44,13
57,15
42,13
58,6
39,13
32,9
45,4
47,13
52,10
56,2
52,9
34,9
36,4
41,9
30,10
44,13
17,10
34,10
41,10
29,9
25,5
42,13
48,10
26,11
64,9
46,13
38,13
49,7
23,10
46,13
30,9
49,9
47,11
44,13
31,9
19,9
45,12
34,13
26,9
38,9
31,10
36,12
31,13
30,13
37,9
30,13
21,9
73,6
38,14
30,6
33,9
52,13
58,10
34,14
35,9
59,9
45,13
27,10
31,16
45,10
40,9
27,15
19,9
29,3
34,10
32,12
49,7
33,7
74,4
62,13
39,9
43,9
22,10
24,9
76,9
25,10
19,10
31,12
53,7
61,9
47,13
37,9
50,13
27,10
58,9
43,9
39,12
36,10
56,13
26,9
23,13
47,7
68,8
47,10
45,10
26,10
20,9
46,10
37,12
37,10
43,10
59,14
39,9
32,10
63,10
45,13
59,13
36,8
26,9
34,9
41,9
26,9
53,9
33,9
46,13
79,9
31,9
24,9
57,9
40,9
41,11
20,10
45,7
27,11
36,3
30,9
36,13
25,9
30,10
31,9
49,9
26,7
25,13
29,11
24,10
41,9
35,14
57,13
21,7
29,6
36,10
20,10
51,13
39,7
36,13
40,15
61,9
38,15
20,10
21,9
40,9
46,6
21,10
35,6
39,13
38,9
30,9
28,5
32,13
46,11
40,11
47,9
44,6
38,9
51,9
46,13
51,16
45,16
20,10
44,13
33,11
18,9
61,15
50,13
47,9
34,13
53,9
39,10
58,9
66,9
26,7
41,3
47,10
31,11
52,10
29,12
43,5
42,14
35,10
41,9
34,13
52,10
61,10
39,9
19,10
46,13
39,10
22,10
30,9
40,11
43,13
37,3
23,12
39,12
54,14
46,10
20,10
50,13
17,6
36,9
37,9
53,9
50,9
38,9
63,9
53,9
40,13
23,10
20,9
46,10
28,6
59,14
41,13
33,1
56,8
50,9
31,13
41,11
38,13
25,12
18,9
49,13
39,10
22,10
21,10
35,13
21,9
38,9
55,4
31,9
17,7
31,13
25,13
39,14
50,4
38,13
50,10
63,6
31,9
23,13
18,10
43,13
34,10
18,7
46,9
35,13
46,14
59,11
31,4
27,9
41,14
42,9
55,13
34,9
44,9
26,13
36,11
69,5
33,10
30,11
35,9
25,13
21,10
18,7
35,10
20,9
26,14
46,13
31,13
40,15
40,9
31,13
32,16
23,10
25,14
37,10
18,10
55,9
52,5
26,9
37,10
39,9
62,13
19,10
47,9
51,13
55,9
30,9
59,10
45,6
52,10
21,9
31,9
29,10
24,9
17,6
47,9
46,10
32,9
34,6
63,8
21,10
18,9
49,16
81,9
36,12
47,9
36,14
39,11
46,13
43,10
39,13
29,10
23,9
57,6
38,9
25,13
39,10
24,10
56,14
39,8
23,11
17,7
67,9
41,13
24,13
51,13
30,9
47,9
56,9
51,9
57,10
34,10
24,13
57,9
38,9
23,9
35,4
58,9
19,9
19,4
68,16
43,10
17,7
53,16
37,16
21,13
63,9
31,10
29,9
43,10
27,15
25,9
28,9
54,9
74,10
31,10
23,10
19,13
39,1
61,9
59,9
27,11
19,10
23,9
25,9
40,10
53,7
32,13
72,16
61,4
42,9
17,6
73,9
41,10
23,10
23,9
65,11
45,9
52,13
24,13
23,11
30,10
26,13
37,9
17,9
31,9
52,9
63,13
27,9
31,5
71,9
35,13
44,9
36,14
22,13
32,9
30,13
60,9
25,10
76,4
41,9
26,4
45,8
32,10
22,9
39,13
63,13
23,12
61,6
31,11
25,5
33,9
39,9
53,13
26,13
21,10
18,9
34,13
44,14
31,9
44,9
42,15
43,9
33,13
21,10
30,9
55,9
57,10
37,9
32,9
62,13
31,13
51,13
37,14
45,3
47,10
31,9
75,7
43,14
39,12
30,13
27,3
44,9
53,14
40,13
18,7
33,13
20,9
38,10
48,9
46,9
51,9
35,9
24,4
30,10
70,9
26,9
34,9
46,9
70,9
37,10
36,10
23,5
28,9
44,10
58,9
53,10
23,10
26,9
21,10
34,14
43,7
22,10
41,10
36,9
41,13
27,9
42,10
27,11
41,9
32,13
21,10
44,13
29,13
19,10
21,10
46,9
38,13
43,10
54,9
38,14
18,10
50,9
30,11
30,5
28,9
26,11
37,10
32,9
64,14
18,9
30,10
36,11
18,7
27,9
49,5
46,9
37,9
30,10
29,9
22,9
25,9
38,9
32,13
35,10
56,14
29,10
41,9
47,9
23,13
46,13
28,9
39,13
42,10
39,9
68,4
37,13
57,15
22,10
24,11
19,10
55,12
37,9
37,10
28,13
27,9
40,13
51,9
52,11
74,10
49,10
20,10
40,10
80,10
63,10
63,9
51,10
23,9
66,9
33,9
49,9
20,10
33,12
26,10
52,9
33,13
47,13
23,9
53,12
19,10
26,10
53,4
65,9
68,13
30,6
28,7
54,6
30,9
22,10
25,9
19,7
19,10
32,15
23,13
51,13
25,10
46,13
38,10
26,9
46,9
25,13
20,10
29,14
51,14
40,10
24,10
24,13
31,11
54,9
34,12
19,10
21,9
21,6
23,10
37,10
40,14
57,9
48,13
24,7
43,10
32,13
40,9
52,15
49,9
45,10
62,9
29,11
49,9
55,10
20,10
37,13
43,13
29,10
44,9
28,10
38,10
45,11
22,10
19,10
20,8
60,9
30,9
22,10
51,10
31,13
48,9
43,13
51,9
41,11
62,11
50,9
46,9
54,10
68,9
23,12
49,14
24,6
30,9
38,9
34,9
22,10
30,4
61,4
36,9
51,11
43,3
54,10
63,9
51,10
63,6
51,14
27,9
35,12
31,13
46,9
53,11
26,10
43,9
39,9
50,9
54,9
62,10
57,10
19,10
29,9
20,9
53,13
18,10
22,10
23,9
69,7
56,4
53,13
28,9
28,13
33,9
48,9
61,9
49,13
48,10
32,4
51,9
27,13
19,10
47,9
25,13
72,10
29,7
22,9
57,9
50,12
45,10
52,10
53,14
36,9
46,9
20,9
75,3
32,9
28,9
53,14
17,7
46,11
39,12
38,10
36,9
63,13
28,2
28,13
49,9
43,10
38,13
39,9
42,9
40,9
45,9
29,9
24,13
30,10
44,10
40,9
30,9
42,14
52,11
42,10
39,10
43,10
62,9
30,11
83,9
39,13
41,9
49,14
25,7
48,7
59,12
44,13
36,5
40,9
21,9
41,10
24,13
67,9
24,13
50,13
48,14
55,12
29,9
50,13
64,6
49,5
20,9
30,9
37,13
52,9
22,10
77,9
19,10
52,9
42,13
35,9
27,10
54,9
37,9
37,6
28,4
63,13
19,9
28,13
23,10
44,15
31,10
35,13
64,9
40,9
59,12
22,10
40,10
35,4
20,10
35,9
28,10
28,9
37,10
72,16
25,12
37,9
19,10
31,11
41,9
31,6
44,9
20,10
57,10
26,9
44,9
29,9
36,9
40,11
21,12
21,10
34,15
24,13
28,6
35,9
35,9
38,13
44,9
39,13
57,9
19,10
29,11
23,9
50,9
51,10
28,11
44,13
29,13
31,9
27,13
34,13
50,15
27,10
31,11
46,12
39,10
40,13
28,7
18,9
51,9
58,9
66,9
36,9
38,7
25,12
25,9
90,7
41,10
34,9
33,13
33,9
35,13
39,9
59,9
19,10
39,9
19,10
27,9
52,4
59,9
28,10
37,9
50,6
36,13
34,13
23,10
19,7
33,9
27,14
31,14
21,6
31,9
59,9
40,14
19,7
47,9
34,13
57,9
51,5
21,10
30,10
46,10
40,13
52,1
23,13
90,13
25,9
43,10
38,10
22,11
33,13
34,10
65,11
50,9
29,13
25,9
54,10
49,9
44,10
24,5
25,13
65,9
56,9
39,15
23,13
20,10
24,3
41,10
40,10
55,9
38,9
23,9
44,13
45,10
20,10
29,9
43,9
30,8
28,10
31,9
52,9
36,13
38,9
66,10
63,11
21,10
33,9
46,10
20,10
47,13
33,16
66,4
20,10
28,9
46,9
25,10
37,9
31,5
49,9
22,10
52,11
29,12
18,7
31,10
23,10
27,11
54,6
50,9
46,14
24,13
17,7
49,9
54,9
41,13
49,9
36,13
23,9
63,10
67,9
23,9
22,13
66,11
25,7
30,10
35,9
67,4
30,8
26,10
34,9
21,10
18,8
21,9
76,5
51,10
26,9
18,8
18,7
34,11
59,9
55,13
33,10
25,9
48,9
64,13
47,14
26,10
36,12
21,9
54,4
30,9
41,9
53,14
34,10
20,10
24,6
26,13
25,9
35,10
41,10
33,7
18,10
27,9
32,9
51,9
38,11
41,10
26,10
38,11
54,5
30,13
31,10
26,13
75,16
29,14
61,9
24,10
22,8
34,12
42,10
24,7
42,12
27,9
39,13
20,9
51,7
68,13
28,9
43,9
35,10
44,9
41,13
44,9
20,9
46,9
27,12
32,10
46,10
26,9
20,10
36,9
49,13
32,9
32,13
49,13
36,9
22,10
52,9
42,9
22,10
72,9
30,13
44,10
23,13
22,10
59,13
46,9
30,11
64,4
31,10
64,9
45,9
59,9
32,9
43,13
66,6
23,10
49,9
32,8
49,11
33,10
28,15
47,9
41,9
34,14
25,9
20,10
21,10
25,9
46,5
37,2
41,10
44,9
30,9
54,10
35,9
58,9
21,10
35,14
35,15
19,10
48,9
56,10
65,10
40,13
26,9
45,10
26,10
32,9
35,13
22,10
37,11
25,13
64,2
46,11
30,9
63,12
51,9
68,4
36,16
28,10
41,10
47,10
22,10
33,13
34,15
46,13
28,10
36,9
18,10
33,14
51,9
56,9
54,9
29,9
40,10
53,14
22,9
33,9
28,9
63,10
53,16
37,6
50,10
22,9
40,12
22,13
21,10
25,12
20,10
43,9
29,11
32,13
42,14
33,9
27,10
22,10
29,10
29,9
20,10
35,6
31,13
33,9
67,10
46,10
45,5
17,7
35,13
48,13
49,9
20,10
27,9
64,10
53,10
52,9
29,9
32,9
48,13
30,10
34,9
19,10
39,9
28,7
17,8
54,13
24,10
25,9
25,7
48,10
24,13
31,10
47,10
45,13
19,10
52,10
52,9
19,9
60,9
43,14
24,12
20,10
51,9
38,5
21,10
40,9
54,10
35,13
52,7
53,9
56,10
35,9
43,10
29,13
29,9
27,9
58,13
64,9
53,9
21,9
40,12
52,16
38,11
40,10
39,9
56,14
68,16
24,9
40,15
43,15
38,13
45,9
18,7
57,14
49,9
25,10
52,10
56,6
26,10
19,9
25,13
25,9
21,9
48,4
33,14
31,9
26,9
37,13
29,10
20,10
28,10
49,9
73,6
49,14
51,10
40,10
24,11
18,8
41,6
46,9
46,9
64,6
50,15
53,14
21,9
22,10
37,13
39,15
30,13
25,13
26,10
43,13
59,9
27,9
55,6
20,10
25,11
28,12
29,13
60,7
37,13
25,7
27,10
50,13
41,10
46,4
35,11
21,10
35,7
40,9
49,13
29,13
43,13
39,12
35,9
52,10
25,10
20,9
46,10
24,13
29,13
21,10
37,13
43,9
19,9
47,9
61,9
21,12
35,9
60,6
27,10
57,13
56,2
27,9
47,4
19,9
28,8
43,6
63,10
22,10
25,9
35,9
20,9
48,6
30,13
31,13
20,9
57,14
41,11
33,9
27,11
34,9
22,6
50,12
40,13
37,9
40,12
53,14
38,10
25,9
51,9
22,8
18,10
41,7
33,9
33,13
67,10
47,9
24,10
32,4
29,9
25,11
33,10
55,13
31,10
32,14
18,9
36,9
58,9
34,14
19,7
21,9
36,9
37,13
43,9
52,13
48,11
43,10
22,9
57,3
37,12
39,10
54,10
27,12
21,9
65,10
30,10
22,5
26,13
25,7
35,11
47,11
23,12
42,9
39,10
55,16
24,14
46,13
53,9
44,7
40,9
48,10
26,11
22,9
35,9
20,10
43,9
37,9
30,9
41,9
38,15
77,5
42,9
20,9
36,13
32,11
27,13
25,10
40,14
18,7
49,13
17,7
29,9
47,15
24,10
58,4
29,9
45,10
30,8
19,10
59,6
47,4
41,10
28,12
46,12
40,10
66,6
30,13
44,10
58,9
21,4
59,5
35,10
45,5
30,9
33,9
26,10
48,10
31,9
36,9
48,9
30,9
33,9
19,5
37,12
53,13
18,10
38,10
34,10
45,13
33,11
35,11
22,9
35,9
45,9
17,7
50,9
38,13
33,10
46,9
25,13
64,9
62,10
32,9
17,7
61,9
40,16
21,9
39,13
35,10
29,11
27,12
20,12
34,10
51,14
45,9
20,10
31,10
29,9
56,13
55,10
26,10
46,10
32,9
28,9
27,4
23,5
59,6
26,8
36,6
18,9
33,5
60,11
40,9
48,9
27,6
19,10
38,13
26,10
45,11
20,10
32,9
22,10
22,9
38,9
34,9
46,2
39,13
79,9
60,13
24,9
31,10
37,13
23,9
31,10
29,13
22,13
69,10
55,9
43,9
23,4
29,9
22,11
22,10
25,9
29,10
25,10
33,9
33,13
31,16
30,14
55,13
36,8
47,9
28,13
42,14
51,12
62,13
65,10
23,13
60,9
47,4
50,9
70,13
32,13
37,10
31,9
76,6
54,13
32,13
31,10
31,13
65,15
30,9
63,9
21,10
40,14
26,10
18,7
34,9
66,10
44,10
30,12
36,13
31,10
22,10
28,4
23,9
49,14
39,13
67,13
19,10
30,12
25,10
24,9
46,9
37,14
41,9
40,10
44,9
32,9
58,9
48,9
34,13
29,11
46,13
36,9
59,13
29,8
50,14
25,9
27,12
48,9
51,16
36,9
42,7
49,13
33,10
40,13
26,13
69,9
59,9
30,9
31,12
30,13
27,13
20,10
56,12
24,9
47,13
51,13
34,9
47,9
47,10
20,10
34,9
31,7
42,11
52,3
56,9
53,9
26,10
81,10
28,6
57,10
34,9
31,6
24,11
20,9
68,10
60,9
37,10
25,4
36,9
45,12
34,10
31,13
47,13
60,9
75,13
43,10
18,9
25,13
20,9
32,9
57,13
43,10
18,9
41,13
48,9
35,9
41,11
23,9
32,13
33,9
58,9
22,10
33,10
42,15
25,9
39,9
35,13
50,10
49,14
25,13
47,10
46,10
42,12
37,7
25,13
29,6
26,10
26,10
45,13
34,9
33,12
43,13
28,9
51,10
21,10
23,12
30,9
46,14
38,9
20,9
36,13
37,15
44,14
33,9
45,13
47,10
54,9
17,6
43,9
45,13
37,10
44,11
55,14
41,9
23,13
38,10
23,13
35,9
18,7
47,11
25,10
41,9
23,10
41,9
26,10
30,10
42,10
35,9
28,13
29,10
21,10
48,14
44,9
34,5
19,9
32,10
31,12
25,9
47,9
46,7
18,8
31,10
28,9
38,9
33,9
17,6
41,11
46,10
38,10
24,13
49,9
60,10
44,13
63,11
40,9
45,10
49,10
36,9
65,9
41,13
25,14
20,10
60,11
17,7
28,12
31,12
47,14
45,10
51,13
23,9
44,14
34,9
19,10
51,9
46,9
30,16
37,6
56,15
29,9
46,14
55,9
45,13
34,9
45,5
41,13
22,10
34,15
27,9
29,10
19,8
47,13
43,10
52,11
33,12
29,5
23,9
23,10
39,13
43,3
31,9
47,9
26,9
58,10
47,15
55,13
26,9
28,9
36,9
40,9
19,7
63,13
42,13
76,5
23,11
38,3
33,14
48,14
56,10
32,9
44,10
27,9
33,10
22,3
18,10
44,9
42,9
34,10
45,9
57,9
59,13
33,10
52,9
17,8
29,9
63,13
20,10
42,15
50,9
55,9
27,12
28,13
55,11
44,10
53,10
23,9
25,9
44,13
55,14
48,10
46,9
26,10
30,4
32,14
52,9
52,9
39,9
57,13
21,9
22,10
26,10
26,10
44,11
42,10
40,10
22,7
62,9
44,10
18,10
33,2
45,9
18,7
32,10
33,16
20,10
68,9
61,4
48,16
45,9
36,9
32,9
35,13
39,9
53,4
30,10
37,9
40,13
25,10
41,9
52,9
33,9
28,9
25,9
53,10
44,2
35,9
38,10
34,9
33,9
24,10
65,9
29,12
39,15
46,10
37,4
47,14
62,10
54,9
90,10
33,12
57,10
25,12
44,10
52,13
21,10
31,9
39,14
59,9
29,9
49,4
34,5
22,13
32,13
39,9
46,14
50,9
34,9
28,14
18,8
20,9
20,9
55,11
22,10
60,14
40,6
47,10
23,13
57,9
52,7
42,4
25,12
49,9
41,10
40,11
38,13
58,9
26,13
57,6
28,9
42,9
28,10
17,5
39,5
28,9
42,9
51,10
27,10
41,9
28,13
54,10
73,9
49,9
47,14
27,10
42,13
32,9
32,9
27,14
29,9
22,11
41,9
49,10
58,9
41,9
26,5
21,9
32,9
37,13
23,13
42,10
25,9
67,10
41,9
49,14
36,13
18,7
25,3
43,15
38,16
21,10
65,13
66,11
33,7
51,9
27,9
17,8
32,13
61,9
38,9
43,10
40,16
63,13
76,10
42,12
43,13
76,14
41,15
17,6
30,9
30,13
22,10
53,13
28,9
25,11
24,10
47,6
34,11
26,10
63,13
25,11
28,13
36,9
24,13
51,13
44,13
18,8
54,10
61,10
51,13
43,4
51,9
50,9
27,9
24,10
20,10
52,13
57,4
49,10
42,13
22,7
38,10
21,10
39,13
52,10
25,12
50,10
35,10
50,11
58,9
48,13
30,10
18,7
29,9
52,10
63,9
36,14
24,10
30,12
23,9
35,9
21,13
28,10
20,9
18,7
21,10
27,9
42,10
21,10
51,10
27,13
23,9
57,10
22,13
59,5
38,9
20,9
90,5
35,11
50,9
45,16
44,14
23,12
34,7
23,13
39,10
19,10
54,10
40,14
44,10
31,10
25,5
33,13
32,9
36,6
47,10
80,14
21,10
35,10
77,14
30,9
35,9
49,4
33,9
53,10
41,9
57,13
21,10
19,10
28,13
42,14
29,10
38,11
26,10
41,10
40,10
36,16
28,9
25,13
42,9
32,9
32,12
37,3
39,9
49,13
28,9
24,5
19,9
31,9
40,9
29,4
59,9
52,12
27,13
45,13
58,13
53,13
23,9
35,7
49,9
49,12
25,8
47,14
28,12
20,10
74,3
19,9
28,9
31,10
61,10
30,11
20,10
35,4
23,13
25,13
19,9
30,14
26,9
34,9
49,13
35,10
38,9
36,9
33,9
54,10
19,9
18,6
60,9
28,9
43,9
49,3
25,13
17,6
41,13
30,10
90,14
25,9
27,11
29,9
55,10
31,13
43,11
63,14
46,4
59,9
42,13
26,13
26,10
20,10
19,9
61,5
23,9
24,9
35,13
42,9
31,8
31,9
63,13
29,11
43,13
22,13
17,7
23,13
35,5
32,9
50,13
25,9
26,14
32,13
29,11
57,10
90,14
35,11
31,10
60,9
21,11
71,14
22,11
50,9
37,10
23,9
74,9
67,10
59,10
28,9
45,9
63,10
39,13
33,10
32,13
34,13
39,9
29,14
22,9
53,13
46,11
51,10
44,15
56,9
27,13
52,5
39,13
45,10
37,10
33,9
35,9
46,3
35,8
33,9
48,13
32,9
18,6
20,10
35,9
19,9
21,9
56,7
28,13
45,9
32,11
44,13
55,9
34,10
33,14
36,13
25,9
28,13
39,13
53,6
47,9
49,11
22,9
31,10
44,10
19,9
37,9
60,9
23,10
44,15
54,9
23,9
21,10
19,10
51,13
41,13
61,10
19,6
22,13
22,9
49,4
35,6
38,10
29,9
56,11
41,10
62,14
27,9
55,9
25,9
33,13
26,9
43,9
53,14
43,13
56,9
25,13
60,14
28,10
21,9
40,13
29,9
20,10
25,9
18,7
32,12
27,2
48,9
20,10
55,9
33,13
21,10
43,9
35,10
39,13
19,9
25,9
44,10
27,12
39,9
69,6
34,13
20,10
37,3
43,13
62,9
34,14
31,10
42,16
26,9
39,10
25,13
54,10
44,14
34,14
21,10
50,3
33,9
40,12
44,14
33,12
21,10
35,13
43,10
57,6
51,14
29,9
51,9
35,9
18,7
58,6
57,10
19,9
37,10
38,9
45,10
27,10
64,4
38,10
30,9
46,13
18,6
60,9
30,9
47,10
39,13
42,10
27,10
44,10
33,13
54,13
58,10
45,13
59,10
29,12
27,9
44,14
44,9
33,10
27,9
33,13
55,11
32,11
31,11
57,15
30,13
78,9
28,13
30,10
29,14
66,9
60,9
31,13
26,9
24,9
29,13
44,9
34,13
59,13
23,13
23,7
55,11
39,9
39,7
57,4
35,9
39,11
47,9
53,16
23,10
35,14
44,10
28,9
26,13
23,9
32,9
49,10
36,10
36,9
41,3
21,12
54,13
43,10
35,10
31,10
46,10
46,9
56,9
45,14
21,9
51,14
47,10
42,3
19,10
25,13
37,14
35,8
40,9
57,7
38,9
48,6
34,10
46,10
30,9
45,14
32,13
35,9
62,10
56,9
50,11
25,13
41,10
35,9
33,10
38,12
37,13
56,9
19,4
31,5
53,9
33,9
72,2
54,9
30,13
51,16
30,9
30,13
32,10
30,10
35,14
40,10
38,13
19,6
32,10
49,14
76,13
60,13
60,5
55,16
41,13
24,9
53,14
69,10
71,10
41,9
32,9
45,7
59,13
31,9
40,9
44,11
63,10
31,10
51,13
51,7
23,9
49,4
56,9
39,9
39,15
30,9
43,13
31,10
44,14
43,15
37,16
41,10
43,9
47,10
38,15
46,11
19,10
19,3
24,13
39,10
37,11
28,13
40,9
27,12
22,9
21,10
32,9
20,9
45,14
46,15
46,11
26,10
47,13
22,10
34,9
49,2
20,10
28,9
30,7
23,9
20,5
31,10
46,2
42,9
60,4
30,13
27,10
20,5
56,13
41,10
61,9
47,9
60,5
33,5
40,10
48,13
56,9
50,11
57,14
20,10
46,11
21,10
37,9
42,10
20,9
54,16
32,9
62,10
50,10
49,10
48,12
24,10
46,14
42,9
52,10
58,12
37,10
34,9
26,10
18,10
33,10
41,10
21,12
23,11
26,10
33,13
24,10
43,6
52,9
27,10
61,4
35,9
35,9
45,9
43,9
51,9
35,13
47,13
22,10
49,11
20,9
19,6
27,9
42,12
27,10
23,10
20,10
47,9
17,8
76,6
39,10
25,5
31,11
44,9
53,11
34,10
45,10
34,9
35,14
36,10
45,10
37,10
53,12
35,14
38,9
65,10
49,6
24,9
54,10
17,6
19,8
60,9
46,13
78,14
26,10
58,2
37,9
41,14
30,13
19,10
48,13
22,10
50,14
25,2
18,6
21,9
47,10
33,9
39,9
67,13
19,10
18,6
36,9
23,10
25,10
40,10
73,9
35,10
31,12
20,6
20,9
27,9
66,6
66,14
64,14
48,10
24,13
51,9
25,13
33,7
50,9
51,4
34,13
41,4
30,10
59,10
41,10
36,14
37,2
28,9
19,9
28,10
62,6
36,14
58,6
42,9
43,9
29,9
32,9
64,5
39,13
26,13
19,9
21,9
32,10
30,12
26,13
20,10
19,10
33,13
23,10
29,9
42,9
30,9
63,9
34,9
60,10
48,9
25,13
27,11
55,9
32,10
22,10
25,9
18,7
24,10
29,13
73,7
39,9
33,14
57,9
22,6
33,9
33,9
42,9
43,13
57,10
42,14
22,10
21,10
42,13
39,10
41,10
20,9
47,10
44,10
29,13
52,10
71,10
52,9
36,9
53,10
37,9
26,6
34,13
35,13
20,5
34,10
56,13
39,13
24,10
24,7
23,13
27,13
25,9
29,10
42,10
51,9
31,11
59,2
29,9
18,9
24,9
38,10
36,9
34,9
42,13
45,8
21,11
64,16
32,9
45,13
53,3
42,9
32,9
49,9
62,3
28,13
29,16
32,9
37,6
38,13
44,9
19,9
22,10
24,13
58,9
56,13
37,6
43,10
32,9
34,13
44,5
28,9
35,9
38,9
26,10
20,7
24,9
40,9
23,9
79,7
44,6
51,14
30,9
52,12
41,13
33,3
50,13
51,11
41,9
35,13
34,10
28,13
31,11
22,9
67,9
65,9
39,9
23,10
29,12
57,6
47,10
51,9
34,9
52,9
29,9
29,9
25,10
21,10
38,13
55,9
61,13
34,12
41,13
27,11
78,13
40,9
26,4
43,9
55,9
25,11
26,10
43,9
25,10
22,10
52,9
61,9
42,13
21,11
44,9
65,9
56,9
33,12
22,6
43,9
45,9
42,9
37,9
56,5
35,6
40,12
31,13
26,13
26,13
42,13
45,9
47,10
22,10
33,13
37,9
48,9
57,6
47,10
58,5
55,7
52,10
29,13
42,14
23,9
23,8
46,11
30,10
43,13
25,10
32,9
56,5
33,9
19,10
20,10
34,10
34,5
55,9
55,5
31,10
30,9
31,9
51,9
59,9
58,9
40,5
54,9
25,13
18,7
41,10
57,6
37,9
46,9
39,9
19,9
41,12
54,9
39,14
41,9
26,15
57,9
33,10
56,10
60,9
22,9
58,8
48,14
45,14
18,9
56,9
48,9
40,13
38,9
58,10
23,10
63,10
51,13
22,3
44,9
46,10
64,13
32,13
31,10
36,11
21,9
30,10
31,11
54,9
59,5
28,14
57,9
44,9
53,10
58,10
19,10
39,12
31,10
27,9
46,5
37,14
27,13
33,10
20,10
55,9
39,12
41,9
30,13
39,13
28,9
25,10
31,9
51,9
24,13
70,9
23,10
61,9
45,4
47,9
56,10
79,16
20,10
30,9
27,13
40,13
60,9
58,9
71,15
50,15
29,10
33,6
60,9
33,12
43,13
33,6
33,9
32,9
21,10
38,9
38,10
39,10
17,7
21,10
42,10
42,9
36,7
32,10
37,13
28,13
37,11
50,9
49,7
40,14
40,10
49,10
35,14
33,9
24,9
41,14
43,10
36,9
84,13
23,9
41,13
55,9
30,10
46,12
55,10
34,10
54,14
27,10
52,14
36,10
25,9
52,13
24,9
36,9
31,9
66,10
90,13
67,14
22,4
47,10
32,13
55,4
32,9
48,10
21,9
33,12
27,10
47,11
18,7
44,9
23,10
18,6
56,9
24,13
43,13
23,13
26,10
42,9
23,9
53,6
51,9
40,9
27,13
24,10
42,9
41,9
23,10
42,14
38,9
63,4
31,9
18,7
21,10
24,13
55,10
20,5
31,10
23,10
35,9
51,10
19,10
38,9
52,9
70,15
53,6
59,16
39,10
18,8
41,9
19,10
24,10
25,9
32,10
34,9
35,9
50,9
18,9
37,9
30,10
40,14
22,9
50,10
70,9
43,14
77,10
30,9
33,10
51,10
58,14
22,10
33,9
27,7
35,10
32,10
41,13
37,10
17,7
50,13
31,9
54,9
23,9
40,13
29,13
38,9
30,11
20,10
43,10
25,10
39,14
48,12
41,9
24,13
20,10
25,10
57,10
39,10
66,13
34,10
36,13
46,9
42,14
46,9
34,9
43,10
42,10
31,13
70,10
32,10
46,9
42,4
21,11
24,13
23,9
50,14
37,10
19,7
44,12
29,9
30,11
36,10
49,13
29,9
45,9
75,16
42,9
37,12
51,13
61,9
33,12
50,9
59,9
25,9
22,9
56,10
44,13
35,11
57,9
47,9
27,13
50,9
30,13
46,7
48,15
61,13
33,9
40,9
58,10
46,14
35,10
51,10
37,8
64,14
41,9
18,7
44,7
41,13
33,10
37,5
34,10
24,13
20,10
38,13
28,11
20,9
22,13
55,13
20,10
26,13
20,9
40,5
33,9
54,10
24,9
25,10
18,7
49,9
17,8
34,11
37,13
49,10
74,9
37,9
20,7
40,9
34,13
30,15
44,9
40,6
58,9
44,9
42,10
39,9
19,9
41,14
29,14
34,10
38,10
27,1
54,10
40,9
19,10
17,7
33,10
80,4
24,9
28,13
55,9
21,10
51,9
19,9
42,9
60,9
20,10
51,9
21,10
37,10
26,9
42,14
40,10
55,14
33,9
62,9
47,6
26,8
59,9
70,10
26,10
47,6
25,14
52,15
46,9
67,6
34,14
53,10
22,13
39,9
54,9
24,13
37,9
38,6
41,14
36,9
43,11
39,13
26,13
49,14
37,13
43,10
54,9
53,3
57,14
28,13
29,13
21,9
51,9
46,9
50,15
50,9
36,9
31,13
20,9
36,9
38,9
37,13
39,14
18,6
33,9
35,9
23,10
37,13
25,9
51,12
35,9
54,7
66,9
32,9
37,13
29,13
45,13
61,10
40,10
24,9
49,4
51,14
34,9
28,9
20,10
30,10
49,14
26,10
63,6
36,12
63,13
22,9
40,9
31,4
49,10
35,14
23,13
25,11
34,9
28,13
44,10
33,9
21,10
55,7
17,7
75,9
61,5
53,9
26,12
48,10
28,14
30,13
29,9
25,10
37,9
43,13
40,9
34,6
55,16
31,12
21,10
32,9
26,15
26,13
44,10
49,9
21,9
26,9
40,9
19,7
58,9
61,11
28,10
26,13
64,9
42,13
41,10
45,9
39,13
41,9
51,7
34,11
33,14
23,10
35,10
41,7
39,14
41,10
33,10
22,9
25,10
25,10
77,4
33,11
66,9
19,10
44,9
45,14
28,10
19,9
43,9
39,13
33,13
44,9
62,4
40,10
41,9
23,10
48,9
38,14
37,14
45,14
29,9
66,9
19,9
23,5
34,13
39,14
33,9
43,10
27,9
33,10
26,3
56,14
46,9
38,12
90,7
72,10
20,9
29,9
49,7
23,9
20,10
57,13
46,12
33,13
24,13
49,11
54,9
46,16
31,11
43,15
18,10
19,9
46,12
43,13
58,9
43,9
37,10
21,8
52,14
34,11
28,11
34,9
29,9
39,9
49,7
35,10
31,10
18,10
47,9
46,9
43,13
51,9
21,10
18,10
31,13
39,9
58,7
36,14
38,9
31,13
19,7
38,11
26,11
38,12
36,10
40,9
25,13
41,13
33,9
63,9
51,9
34,9
33,11
25,6
30,9
19,10
47,9
26,13
21,10
36,9
60,6
28,9
19,9
42,13
36,9
35,9
22,10
54,9
36,13
55,9
57,14
56,4
24,9
35,13
51,7
34,9
36,12
51,5
46,16
42,9
25,13
22,9
37,9
48,13
61,13
40,8
58,9
52,9
18,7
27,6
48,10
63,5
38,9
31,10
40,10
41,9
28,13
31,15
32,11
30,9
39,9
28,13
31,9
21,10
33,9
44,14
22,10
42,9
36,12
39,14
61,10
31,9
21,10
39,10
34,9
21,10
75,13
21,10
81,10
54,9
34,13
54,15
41,9
61,13
63,9
24,10
20,9
44,13
47,13
31,10
41,4
53,9
63,9
44,14
37,9
28,10
71,10
57,9
22,10
33,13
30,10
20,9
28,13
54,7
20,9
34,9
21,10
29,10
51,10
39,9
19,10
22,9
59,10
18,7
22,9
42,10
39,12
31,13
28,7
22,13
67,14
17,7
47,12
23,13
20,9
22,9
47,4
49,10
64,10
35,10
52,10
29,9
73,6
38,9
59,9
35,10
18,10
24,9
33,13
40,10
55,9
44,9
40,13
22,9
55,10
45,9
47,13
56,9
44,9
32,10
17,6
44,10
32,12
35,13
27,9
32,9
68,7
20,10
33,10
24,5
48,9
45,14
48,10
28,14
60,10
39,14
23,10
23,8
36,10
25,13
52,9
35,9
41,9
45,13
37,14
58,11
67,9
48,9
63,9
24,10
43,10
36,9
32,9
36,10
43,10
27,9
17,7
45,13
41,9
41,9
18,9
48,12
51,11
26,10
54,1
22,10
19,9
47,4
32,9
46,13
30,13
35,14
52,11
73,8
17,6
32,13
43,14
19,9
26,9
41,14
49,12
52,10
35,9
57,7
35,11
33,13
56,4
42,13
17,10
49,9
39,15
34,10
37,10
22,8
27,11
21,10
59,10
44,13
53,6
26,7
48,13
39,13
34,9
54,13
36,9
60,9
50,9
48,13
35,10
40,12
30,13
65,10
31,9
46,12
67,5
62,11
38,13
24,13
24,10
27,13
43,12
48,9
41,9
30,10
38,13
45,15
45,13
55,10
46,4
24,13
31,10
35,9
37,10
29,10
56,13
60,9
25,13
33,6
44,9
21,9
21,9
46,14
44,10
63,13
44,9
31,10
26,10
37,9
60,10
33,13
38,13
26,11
46,11
24,9
47,14
27,10
46,10
47,12
47,9
69,9
32,9
51,9
36,9
50,14
29,16
32,15
27,6
60,4
31,9
46,12
40,9
39,10
69,4
54,13
56,9
47,10
25,12
34,9
24,4
63,10
29,14
64,10
44,13
26,9
36,6
55,13
37,9
37,6
63,13
33,9
19,10
57,14
31,12
20,10
58,9
20,10
25,10
40,9
18,7
26,9
29,16
45,13
35,10
32,10
61,9
26,13
56,9
22,10
49,13
40,9
37,9
23,13
28,13
27,9
34,11
49,5
41,10
28,13
38,10
47,12
28,9
44,14
41,13
50,15
73,9
21,10
38,9
64,14
47,10
52,10
24,13
44,13
27,4
61,10
58,13
51,13
49,10
23,10
19,11
21,9
56,7
35,8
37,10
41,16
30,7
35,16
47,10
59,6
55,7
22,11
31,6
30,14
24,13
49,10
23,4
50,9
38,13
20,10
49,10
45,9
46,13
19,9
31,13
38,9
56,14
24,13
58,9
28,9
22,9
46,9
30,1
56,13
32,9
56,9
50,10
28,9
30,13
24,9
42,11
31,9
18,7
46,6
31,13
38,13
44,14
55,13
19,9
45,14
50,10
53,5
41,13
45,10
21,6
37,13
42,9
37,9
46,13
45,11
32,10
30,15
57,13
37,9
18,10
32,10
43,13
46,14
36,9
33,14
48,9
34,9
34,10
33,9
36,13
23,9
39,9
22,12
19,9
47,9
46,11
47,14
47,16
52,10
38,5
58,9
32,3
54,11
20,10
25,12
25,5
36,13
69,9
28,13
20,10
21,4
37,13
21,9
25,12
39,9
34,11
33,9
47,9
29,11
48,9
42,16
29,7
34,9
20,10
41,14
45,10
22,11
23,9
19,10
24,10
20,10
32,9
52,14
36,9
18,6
27,9
26,10
52,12
24,10
42,9
39,15
20,10
20,10
39,9
68,7
35,9
54,13
24,13
24,13
20,10
64,1
28,13
36,9
44,9
38,10
22,9
56,9
24,13
24,10
22,12
21,10
42,13
41,14
19,9
67,10
20,10
32,9
46,9
52,9
44,13
65,7
37,13
27,10
35,9
30,9
64,9
48,9
35,4
28,13
63,13
40,15
33,10
40,10
25,4
45,13
30,10
53,10
63,9
27,10
31,7
33,9
39,13
42,10
19,9
31,13
53,9
47,10
27,16
22,9
29,9
52,9
32,11
23,9
27,10
53,9
18,9
41,13
27,9
30,10
41,9
21,10
58,9
45,13
40,6
21,10
29,13
50,11
26,9
23,9
27,13
36,13
22,9
37,10
54,13
36,9
44,11
38,10
49,10
18,7
26,13
48,13
32,7
35,9
40,9
40,9
42,15
30,9
19,10
36,12
31,9
50,12
38,9
35,10
45,13
29,6
41,10
33,15
49,10
28,10
49,13
27,9
47,9
42,16
30,9
37,9
37,16
51,9
27,9
53,9
45,9
37,13
40,13
54,14
47,9
35,9
33,9
28,10
39,13
25,9
33,13
34,7
53,9
21,12
31,16
63,9
21,10
59,9
50,2
66,9
19,9
31,13
23,13
45,11
35,13
32,13
20,4
38,9
49,9
64,9
60,7
25,13
21,9
26,9
23,10
67,14
24,9
46,2
38,16
20,4
28,10
26,13
58,9
31,10
37,12
53,16
45,4
33,9
33,14
35,9
60,9
21,10
38,6
40,11
40,10
44,15
27,10
34,10
20,10
49,10
37,10
52,6
46,10
20,10
43,9
46,13
25,10
48,13
36,10
37,9
18,10
42,14
60,12
37,10
44,12
32,6
29,13
42,14
17,7
41,8
34,10
56,6
28,10
28,7
19,4
49,10
36,10
25,10
42,13
47,15
26,10
35,10
37,9
39,9
42,9
41,10
23,10
31,9
36,10
20,10
36,10
50,9
37,9
25,13
39,10
32,9
59,10
29,13
50,9
42,11
32,10
48,12
20,9
50,6
18,10
60,14
60,10
42,14
49,9
35,10
30,12
59,10
24,9
55,12
19,9
39,9
48,10
44,13
21,10
23,13
22,10
55,14
19,10
23,10
46,9
23,13
47,14
23,10
42,10
22,13
18,9
37,13
34,5
30,12
62,10
51,10
34,9
28,14
56,6
46,9
46,10
23,10
33,13
27,9
21,10
18,9
36,3
37,13
39,7
36,9
24,12
26,12
37,9
34,9
33,9
33,9
20,9
26,10
47,9
17,7
53,11
31,10
34,7
23,3
39,13
22,9
21,10
40,9
54,14
32,13
29,9
68,10
27,13
54,10
23,9
38,14
54,9
21,10
40,11
19,6
21,9
35,13
39,10
38,9
41,8
26,10
35,9
70,10
45,6
83,9
59,9
18,5
31,9
43,14
24,13
33,11
48,14
27,13
41,9
25,9
53,9
66,15
31,10
30,13
22,9
47,13
74,9
37,10
35,10
51,13
40,10
51,16
26,6
53,12
32,9
29,10
42,9
22,10
62,9
33,9
21,9
46,13
25,7
29,3
29,13
33,16
50,12
22,9
40,9
28,9
54,9
29,9
49,9
46,7
71,6
27,10
56,9
64,9
23,10
36,13
39,14
26,9
31,12
36,13
43,9
25,10
27,9
24,8
50,12
30,9
24,7
41,14
29,10
31,10
54,10
20,7
37,9
28,9
39,9
46,10
35,13
36,10
34,9
44,14
34,13
28,9
38,15
64,13
19,10
35,13
61,9
45,10
36,9
34,9
27,11
22,6
26,13
19,7
36,9
51,13
63,9
51,9
20,10
42,11
40,13
25,10
40,11
41,13
49,9
46,9
32,9
28,10
19,9
19,9
18,7
39,9
60,13
46,13
38,4
36,9
45,10
60,13
30,7
22,10
23,10
48,10
46,9
43,14
25,9
50,10
61,9
35,13
65,10
56,9
43,13
55,9
22,10
40,10
35,9
22,10
20,5
46,8
43,9
46,9
39,7
34,9
35,9
30,9
25,9
44,14
35,9
41,9
43,13
32,10
50,4
20,10
29,9
38,15
20,6
41,9
27,10
37,5
62,14
31,6
49,10
33,13
31,9
19,10
44,4
31,10
62,9
65,10
17,5
60,9
31,7
29,10
53,9
44,10
43,7
40,10
18,7
47,9
38,13
37,12
40,10
57,9
43,9
32,13
64,10
18,8
40,13
17,7
23,9
45,11
45,14
27,6
23,10
58,9
35,9
47,14
33,9
27,13
46,12
24,10
40,10
44,9
31,13
37,11
23,11
30,13
31,10
24,9
32,10
27,9
35,9
27,13
30,13
33,9
34,16
29,10
26,14
39,9
37,10
51,10
40,10
53,4
58,10
29,13
33,9
57,14
69,9
20,10
56,9
49,3
34,9
70,9
44,13
37,13
58,13
42,10
41,9
28,9
47,14
24,9
58,9
18,9
50,10
69,10
84,14
47,13
19,8
24,10
48,13
53,9
58,10
22,10
36,10
34,8
43,2
37,9
43,15
42,10
21,10
49,9
35,9
49,10
28,10
51,2
30,13
19,4
56,5
20,9
22,10
33,9
54,9
22,10
68,10
56,13
23,9
69,5
41,13
33,9
18,7
17,7
31,7
50,10
62,6
41,9
20,9
23,12
18,9
53,4
42,5
23,13
43,9
47,9
53,3
28,6
28,10
44,10
58,9
25,4
26,9
36,10
27,9
39,16
25,13
17,7
39,13
52,9
24,13
26,11
24,13
32,9
49,14
20,10
40,7
52,15
33,9
19,9
37,11
21,10
33,10
28,12
48,9
43,13
32,9
28,9
47,13
37,13
26,10
55,9
40,12
31,13
39,9
54,10
38,10
53,9
27,12
42,13
62,10
47,7
26,13
33,9
59,10
42,9
25,13
58,9
30,10
21,10
61,9
33,12
51,14
70,10
55,9
29,10
46,14
35,10
31,9
37,10
43,10
23,9
41,9
42,13
26,6
45,10
25,12
33,4
38,13
28,9
68,11
42,9
35,14
36,10
33,9
22,10
45,13
24,10
57,2
36,9
41,9
26,10
25,10
53,10
28,12
30,14
38,7
37,10
30,14
41,9
29,10
31,10
36,9
59,9
33,9
29,9
49,10
50,6
33,13
28,4
81,9
24,10
32,10
47,9
44,9
24,10
37,10
51,13
52,9
22,10
28,12
47,10
43,9
25,9
43,10
25,13
59,14
29,12
30,5
24,10
38,13
37,9
26,1
30,9
73,14
30,9
33,9
46,10
40,9
18,7
35,13
22,9
50,9
62,4
39,13
22,10
33,9
31,9
29,13
38,10
24,13
29,9
49,14
33,4
28,9
22,13
37,9
30,9
49,4
29,9
25,9
36,9
36,16
21,9
18,10
30,11
44,10
40,10
43,9
45,13
29,10
40,10
43,10
20,10
32,13
19,10
21,9
23,11
24,7
52,11
51,10
19,10
54,10
50,9
29,10
17,6
47,9
46,13
30,10
58,10
48,13
23,10
23,11
45,9
20,10
26,4
50,13
49,9
26,10
47,15
31,8
19,10
23,6
35,9
46,10
28,7
58,10
21,9
50,6
30,5
31,13
31,13
35,9
33,16
34,14
67,15
37,9
48,14
34,13
24,10
55,9
50,9
40,13
33,13
51,10
30,10
41,9
47,11
27,4
37,13
40,11
36,9
37,9
38,15
40,10
35,13
47,9
20,10
33,14
45,10
66,10
35,9
32,7
23,10
19,9
44,10
20,9
44,13
41,9
19,10
48,9
45,10
40,4
34,9
20,10
33,10
30,9
23,10
34,6
48,10
32,7
42,10
22,9
60,9
42,13
45,13
47,9
29,14
34,13
34,13
39,9
29,10
42,10
48,7
53,13
51,10
44,13
46,11
51,16
32,10
22,9
24,10
33,11
47,9
64,14
62,13
52,9
39,9
42,9
38,13
55,4
29,9
42,12
30,12
32,5
36,9
50,7
27,9
47,9
33,5
48,10
23,4
31,13
26,10
61,9
50,13
49,11
57,3
19,9
18,7
44,12
54,11
35,9
27,14
50,9
43,9
28,10
47,9
21,1
30,15
19,9
40,10
55,14
67,9
31,11
30,11
54,1
51,13
34,9
59,14
50,9
29,9
17,6
24,9
52,1
39,14
18,8
32,10
25,10
34,9
44,9
37,10
39,14
32,15
23,10
45,10
30,7
20,8
41,9
21,9
48,4
31,9
34,11
25,9
41,13
35,15
42,13
34,9
44,6
32,13
25,10
23,7
36,15
53,13
27,16
27,13
57,9
17,7
59,9
34,9
30,6
31,12
18,7
23,10
19,9
20,11
52,9
39,13
27,9
19,10
38,13
19,9
34,13
41,9
23,9
24,12
24,13
22,6
45,15
45,9
48,13
42,13
35,10
32,9
51,9
59,10
31,9
27,13
29,13
57,12
40,9
31,9
23,4
42,9
60,9
53,14
20,10
27,9
31,9
29,13
22,13
42,13
63,15
28,9
79,10
39,9
29,8
60,4
58,8
20,12
44,9
47,9
59,9
37,14
21,9
68,11
43,10
23,10
23,9
40,14
45,10
34,11
22,10
38,13
24,10
23,9
39,10
26,10
24,9
22,10
36,13
20,10
18,7
38,13
43,13
56,9
42,14
35,13
31,10
73,2
32,10
37,14
66,9
22,9
51,11
31,9
65,9
39,9
48,10
20,10
28,12
48,13
29,15
36,16
35,13
31,10
48,9
36,11
40,9
57,9
26,13
37,9
65,16
26,6
42,10
47,14
62,4
27,11
76,10
20,10
29,13
29,8
32,6
22,10
30,9
43,10
23,13
44,15
41,13
49,14
30,9
23,10
39,9
32,13
50,10
19,10
35,13
23,9
25,10
40,9
30,13
52,10
49,10
24,13
46,13
39,13
45,13
62,13
43,13
45,10
62,9
48,3
56,9
28,9
23,9
43,9
26,13
36,9
55,16
48,13
43,3
38,11
18,9
56,9
39,14
46,3
36,7
42,9
50,9
17,7
57,4
73,9
50,10
35,10
27,10
24,10
27,10
23,9
25,9
51,13
26,6
47,10
40,9
58,5
25,10
29,9
36,7
46,9
69,2
69,9
28,9
20,9
54,9
25,10
64,9
17,9
53,9
50,5
57,9
51,10
20,10
47,10
25,9
50,15
20,9
43,15
46,13
54,9
53,10
21,9
58,10
30,13
61,9
56,10
59,9
72,9
33,9
46,9
46,10
48,9
33,9
21,10
27,9
31,9
28,13
45,10
51,9
46,9
25,10
61,10
17,7
26,13
35,6
33,7
37,8
39,9
42,9
35,13
45,9
47,13
64,7
39,15
43,9
34,9
62,13
53,10
31,13
26,9
56,4
43,10
33,10
45,10
46,10
26,11
24,9
43,13
40,11
61,4
34,10
85,9
41,9
31,12
22,10
60,9
29,12
34,9
35,13
24,9
45,14
21,8
30,12
50,10
41,9
21,9
45,9
34,13
28,9
19,9
26,13
48,13
69,13
41,10
43,13
28,9
65,10
31,13
28,13
51,13
45,10
43,9
31,12
31,10
45,10
20,13
25,13
36,9
31,13
56,10
26,13
47,10
40,9
32,9
34,14
37,9
38,9
19,11
49,5
18,9
26,12
82,4
40,9
28,10
23,9
19,10
67,9
43,13
41,12
37,11
20,9
40,9
47,14
40,9
39,13
24,10
78,9
67,11
49,13
66,9
52,9
59,9
72,9
35,9
30,13
36,10
26,9
23,13
39,13
40,15
29,13
38,13
63,13
58,9
30,9
38,9
25,3
44,14
43,11
21,10
41,12
38,13
75,13
29,10
52,9
47,9
28,11
24,10
30,14
30,10
40,12
27,10
26,9
32,9
36,13
26,8
25,10
39,10
27,11
24,9
38,13
35,9
29,11
49,9
36,5
47,16
21,10
35,13
38,2
66,10
45,14
19,10
18,9
37,15
49,13
33,11
27,10
34,10
54,14
24,10
44,15
48,13
23,9
29,9
21,12
18,8
18,5
29,9
29,9
41,9
32,9
61,6
79,9
34,12
46,13
50,11
29,9
23,10
64,10
70,14
28,12
51,11
20,10
34,13
29,9
49,13
77,10
32,9
27,13
22,10
35,9
42,13
35,9
62,9
33,9
45,10
19,10
38,9
26,9
29,13
33,13
35,9
42,10
20,11
43,14
69,7
39,9
37,9
28,10
26,13
32,10
43,13
49,9
28,4
35,9
19,10
35,9
57,9
45,5
23,9
45,9
42,9
35,13
45,13
28,13
64,11
44,15
59,9
41,9
21,10
29,11
51,9
22,9
49,9
53,12
38,10
23,10
20,9
40,13
25,13
27,10
20,9
37,9
40,9
28,13
38,9
42,13
32,12
20,9
62,13
31,10
31,9
24,9
62,4
43,10
21,10
30,9
22,9
18,6
59,14
24,4
49,9
19,7
48,9
32,15
33,6
23,13
33,15
50,10
30,13
32,12
39,10
21,10
23,13
32,13
57,9
22,10
70,9
34,10
53,14
21,10
37,9
60,9
23,7
32,6
57,9
65,9
25,10
30,9
31,9
19,10
23,13
44,9
43,10
42,10
34,7
32,9
25,11
21,10
31,9
36,11
49,10
44,13
42,11
30,9
33,6
36,13
17,6
20,10
32,9
33,9
37,10
60,6
35,10
43,13
46,10
29,9
36,13
27,9
50,10
22,10
33,14
61,6
28,11
41,11
22,10
27,13
25,9
32,9
28,14
25,13
28,10
37,13
58,9
39,9
33,10
59,6
58,13
38,11
34,10
31,10
48,9
65,9
45,9
80,15
23,9
33,14
38,10
44,14
48,14
40,9
19,9
45,13
34,10
70,10
32,14
33,11
24,13
30,13
22,10
52,15
67,6
40,9
55,11
29,9
62,9
22,9
64,5
29,13
28,10
25,9
47,16
26,13
18,8
52,6
48,13
36,9
23,11
41,9
56,9
53,9
26,10
22,10
25,14
31,10
36,12
46,10
46,12
32,10
43,9
30,13
41,13
50,14
37,14
22,9
51,9
47,10
40,9
46,10
23,10
30,10
27,9
31,10
31,2
30,9
50,13
27,13
22,10
29,9
28,9
54,13
47,11
34,9
26,10
53,4
23,10
42,14
36,9
52,13
22,10
27,14
42,9
39,9
49,9
36,9
20,1
55,9
47,5
33,14
36,10
39,16
55,13
21,12
48,12
30,11
24,9
57,9
20,10
18,10
56,9
36,9
44,6
57,9
57,9
33,9
61,4
39,13
28,9
31,10
60,12
36,11
58,9
50,10
23,13
30,9
20,7
90,15
49,13
47,13
34,16
37,9
25,6
37,12
47,9
34,9
34,10
35,9
39,10
32,4
24,9
28,15
41,4
69,9
32,9
58,9
47,9
41,13
35,9
24,10
46,9
69,13
22,13
36,14
31,13
23,13
35,10
37,13
35,13
18,7
43,5
53,9
54,10
29,9
46,12
24,10
30,10
23,10
27,13
36,9
38,13
33,14
66,10
45,9
68,9
37,9
17,6
31,9
46,13
40,13
34,10
56,6
42,10
46,14
30,9
33,13
47,9
57,12
34,7
40,9
33,9
22,9
29,8
53,9
36,9
45,9
36,10
18,9
27,9
30,9
34,13
36,13
36,4
48,14
41,15
21,3
47,14
41,2
61,2
64,4
35,10
44,9
20,10
23,10
52,6
43,14
32,13
63,13
29,10
42,10
65,6
24,9
42,10
35,9
40,13
38,10
26,9
46,9
39,10
29,13
42,16
36,13
26,10
57,13
55,9
35,10
41,9
24,10
47,9
34,10
44,13
18,9
27,13
36,13
21,13
29,9
25,9
73,9
45,11
28,13
43,13
47,9
20,10
22,10
76,4
24,10
54,10
30,10
33,10
30,10
40,12
27,10
49,11
30,9
22,9
19,9
46,9
51,9
56,4
53,10
60,11
27,13
46,10
37,9
41,13
65,11
30,10
57,9
44,10
32,9
27,9
57,10
59,13
32,15
90,9
22,13
39,9
43,11
38,13
61,5
24,10
25,10
44,11
55,9
90,13
30,9
44,9
36,6
63,10
60,3
34,15
49,7
47,14
42,9
53,3
23,10
28,11
20,10
43,9
32,15
43,13
31,9
29,9
24,10
39,11
29,10
20,3
23,10
42,7
53,9
20,9
58,2
51,9
25,9
38,12
41,10
58,13
25,6
50,9
32,13
31,16
22,10
37,9
32,10
46,15
62,9
40,9
56,13
37,10
41,2
56,4
20,10
34,13
45,9
30,10
51,9
27,7
38,11
39,10
57,13
47,10
77,9
43,9
46,9
41,10
20,9
30,6
30,9
22,10
25,9
18,9
28,13
50,13
28,9
21,10
37,11
28,13
23,3
32,11
27,8
55,9
44,9
25,13
29,9
50,9
18,9
74,13
22,5
27,13
27,10
41,15
24,10
23,9
34,15
46,13
32,15
41,9
29,11
48,5
51,9
34,8
58,13
52,9
37,13
53,10
54,11
36,9
25,11
20,10
23,12
39,13
20,6
28,11
73,9
67,9
56,13
32,11
42,10
33,9
37,9
33,10
31,6
59,14
21,9
58,10
24,6
26,10
26,7
33,14
25,13
21,6
24,9
39,12
68,10
66,10
38,13
41,14
71,4
37,9
54,14
27,13
49,13
19,10
25,10
47,10
40,10
38,13
25,9
25,10
23,6
28,14
29,9
32,7
34,9
52,13
33,9
19,10
68,16
41,6
18,9
29,10
40,14
51,14
49,10
20,10
38,9
57,3
35,10
66,7
27,13
25,11
77,14
19,6
70,9
59,4
25,13
44,15
37,14
75,6
21,9
21,9
47,9
20,9
32,9
28,9
53,9
19,9
58,10
22,9
23,7
21,9
36,9
39,10
34,13
41,14
72,13
34,9
51,13
32,11
38,10
37,10
21,10
21,10
26,10
34,10
18,10
27,7
20,10
36,11
31,13
32,13
54,9
34,14
46,10
33,7
32,13
42,11
30,9
37,10
28,9
25,13
44,10
40,9
36,10
21,10
39,16
24,13
46,9
47,13
47,13
35,15
60,4
35,13
33,9
21,12
37,13
48,9
58,4
21,9
22,9
22,9
28,14
33,11
23,9
58,9
24,13
38,13
49,9
47,13
50,13
21,9
55,9
47,7
19,9
47,9
36,7
28,12
42,9
41,14
46,13
32,9
34,6
33,4
60,13
53,9
24,13
39,10
23,10
50,13
36,9
19,8
26,9
38,9
41,13
22,10
38,12
72,10
39,9
35,9
38,10
19,9
26,9
52,13
41,3
45,9
58,10
34,13
36,9
19,9
26,7
60,6
35,9
39,6
27,9
26,14
17,8
59,9
53,9
35,7
34,10
36,9
36,9
21,9
29,10
35,13
59,13
22,10
50,14
24,13
36,13
31,9
42,10
38,4
52,9
46,6
23,10
54,3
27,9
42,13
33,9
19,12
59,7
54,9
48,4
19,10
45,9
36,13
35,12
47,10
33,13
48,13
42,9
19,10
64,13
51,13
20,9
28,9
52,14
29,10
51,13
36,9
43,13
52,10
50,9
25,10
36,12
44,10
47,6
32,9
37,14
40,9
34,9
35,10
26,10
49,13
63,13
46,13
31,10
22,11
20,10
52,16
26,10
34,13
31,5
46,9
22,4
38,11
35,9
27,10
27,12
46,10
40,9
19,10
69,9
20,10
34,13
49,14
27,10
59,10
45,13
21,10
51,11
64,7
41,16
18,8
49,14
51,9
20,10
69,9
18,9
43,9
50,9
32,9
27,9
38,9
62,9
46,9
19,10
17,6
21,9
36,13
36,8
23,9
58,13
40,13
64,10
66,7
42,9
55,10
53,10
25,9
39,10
20,9
32,9
28,13
23,12
18,9
43,9
29,9
32,10
31,9
60,3
42,10
46,14
38,9
18,7
31,9
54,9
46,10
27,9
50,13
38,4
36,14
25,9
19,9
60,10
45,5
21,10
42,9
38,9
22,10
19,9
23,10
24,10
30,12
62,10
26,15
42,13
33,9
54,16
35,13
33,9
45,9
62,13
24,9
50,10
54,13
58,4
39,9
32,9
27,13
27,9
20,10
64,4
55,14
46,9
45,10
26,9
36,9
25,13
58,6
39,13
47,9
35,14
38,9
50,7
36,9
28,3
44,9
40,9
55,10
29,9
33,9
19,10
32,13
45,14
23,9
31,11
22,10
59,9
32,10
49,10
22,10
26,10
23,10
55,10
47,9
44,9
27,10
40,14
32,13
20,10
84,9
40,10
37,13
44,10
47,10
62,10
19,10
47,9
44,9
26,13
36,10
52,7
33,10
48,9
33,9
25,13
62,13
38,10
46,9
18,10
46,13
38,9
52,10
63,4
49,10
17,7
33,9
70,9
19,10
27,9
61,10
33,13
46,13
29,6
40,10
43,9
24,9
29,10
61,9
48,7
19,10
30,10
24,10
39,14
46,10
40,9
27,13
25,14
31,7
58,13
33,9
40,9
40,14
31,9
33,9
49,12
24,11
46,9
58,14
20,10
65,9
43,10
48,14
41,10
27,10
52,10
26,9
52,9
52,10
19,9
39,10
47,10
27,9
48,10
50,9
60,10
28,12
47,9
69,13
40,9
37,9
41,14
38,9
46,11
21,10
44,14
38,6
47,10
42,16
42,10
56,13
32,13
24,13
26,10
36,13
49,7
65,9
73,4
34,7
22,13
49,10
25,7
39,5
19,7
24,6
34,9
35,9
21,9
43,14
35,13
39,10
48,13
33,12
19,10
17,6
43,10
62,9
53,14
45,14
47,9
30,10
53,9
24,9
41,10
58,3
27,9
63,9
50,10
43,14
29,10
41,10
55,9
36,9
23,9
22,13
58,10
25,7
40,9
38,11
37,13
19,10
55,6
55,13
28,13
53,9
32,9
60,10
32,10
34,9
49,10
21,10
24,13
53,11
29,11
34,13
52,15
41,3
21,9
43,14
31,9
38,9
42,13
62,13
51,4
30,9
24,13
36,9
57,6
46,13
33,16
42,10
62,9
64,10
18,10
43,3
62,4
29,12
43,13
39,9
69,13
34,13
44,12
25,13
47,10
17,6
41,13
19,10
57,2
25,9
37,10
29,11
32,10
35,15
52,8
41,9
29,9
23,14
31,7
40,9
19,9
21,10
37,13
49,15
64,9
37,11
70,13
22,6
29,9
37,9
29,13
38,7
27,9
58,13
60,10
20,10
51,10
37,5
22,8
56,6
26,13
19,10
37,11
27,10
27,9
52,10
45,9
28,10
20,9
28,14
44,11
30,13
26,12
55,14
46,9
51,13
25,13
43,9
19,9
36,9
36,10
48,13
30,7
24,13
30,9
24,13
62,13
41,9
49,15
36,9
47,14
49,14
52,10
52,12
26,9
51,9
18,6
30,9
46,9
28,9
48,13
62,10
49,13
69,9
35,13
78,14
61,10
24,13
29,10
36,13
17,6
27,9
64,9
33,9
32,8
19,10
42,7
24,13
23,9
51,15
31,13
44,15
38,14
44,12
44,3
38,9
36,5
29,2
46,12
47,9
30,9
37,9
27,13
43,9
44,15
31,10
34,13
39,13
36,10
57,13
78,4
24,10
39,10
21,12
34,9
22,10
36,10
61,10
67,5
42,10
49,11
58,11
37,10
39,9
25,10
45,3
30,13
49,10
36,9
23,9
51,10
55,9
35,13
45,14
36,13
32,9
39,9
47,10
49,10
52,10
44,10
36,10
40,10
17,6
18,9
30,10
66,9
59,13
30,9
50,9
24,9
28,15
44,14
25,11
45,14
20,9
67,11
40,15
52,9
34,16
37,12
17,6
25,11
35,13
63,14
38,10
33,13
51,14
64,16
50,10
18,6
67,14
46,9
60,13
29,9
30,10
56,16
29,9
37,13
55,2
24,9
21,9
46,13
25,8
40,9
23,10
43,10
29,10
59,6
18,10
28,9
17,7
53,9
22,3
63,9
32,14
40,9
61,15
35,9
43,13
20,10
48,10
56,13
51,9
34,10
44,10
61,14
37,10
36,13
34,10
23,10
63,14
63,9
47,14
55,9
31,13
27,10
58,13
28,10
52,4
31,9
53,10
43,10
43,9
50,14
68,9
37,7
26,9
22,7
22,10
59,10
30,10
24,9
30,9
50,13
38,8
29,9
76,9
21,11
65,10
43,9
29,13
32,13
37,12
64,9
49,10
44,13
68,9
34,13
35,10
53,10
24,11
31,10
25,10
36,9
29,10
37,9
42,16
30,9
32,10
47,13
44,9
19,9
22,9
51,5
69,9
73,7
18,7
33,9
22,10
33,13
20,10
28,10
25,9
27,9
22,9
67,9
31,9
36,10
43,15
33,13
37,9
27,9
36,10
33,12
63,13
48,13
25,9
41,9
26,9
23,10
33,9
30,14
67,9
32,9
48,9
51,9
39,14
40,13
40,9
19,9
28,9
47,13
20,10
41,9
29,10
40,13
61,9
25,7
26,9
43,13
17,4
43,14
73,9
46,10
19,10
37,9
26,10
47,9
47,14
29,13
29,9
33,13
20,9
28,6
26,13
41,14
67,4
43,13
35,5
18,8
55,10
44,9
64,9
34,11
38,10
25,9
21,10
37,2
39,10
34,10
23,13
54,10
49,14
25,9
51,12
29,9
27,13
53,9
68,13
56,9
30,16
24,9
70,5
24,10
74,12
23,10
41,14
45,9
35,9
21,9
45,7
18,7
49,13
49,11
45,13
27,9
28,10
35,13
33,10
35,7
19,9
33,10
28,9
49,10
61,9
39,10
22,9
42,6
22,10
18,9
49,5
33,16
28,9
42,4
20,10
50,10
32,10
31,9
29,11
46,10
32,16
61,9
43,7
35,9
39,13
18,7
42,10
23,13
32,13
52,9
36,12
38,10
50,9
23,12
71,15
27,9
56,9
28,10
45,9
28,9
28,10
18,10
62,4
35,8
39,6
24,10
58,5
48,9
57,13
31,13
25,9
34,13
29,4
38,12
21,10
34,9
50,13
50,9
49,11
30,13
29,14
22,10
42,9
19,10
31,10
42,13
20,10
51,9
50,6
27,5
26,7
61,9
20,10
51,10
52,9
33,9
31,13
24,10
56,13
19,10
29,7
18,9
43,10
43,16
21,9
51,9
20,7
41,10
45,10
20,9
28,13
50,14
47,13
80,4
47,9
19,10
45,9
17,7
37,9
27,10
17,8
18,9
57,9
26,9
26,14
36,13
51,9
38,10
77,3
51,9
24,7
35,9
35,6
51,13
28,13
37,9
43,9
23,9
42,13
58,10
52,9
29,9
27,10
28,10
59,12
28,9
24,10
20,6
54,13
65,9
18,10
38,10
29,9
27,9
36,14
55,9
22,3
28,13
20,10
24,13
36,14
68,9
49,9
18,4
50,16
37,8
60,14
43,10
43,16
17,7
43,10
39,10
21,10
42,16
48,10
56,13
21,12
28,12
39,9
40,4
38,12
59,10
51,9
19,9
23,9
31,13
42,12
43,9
45,10
34,10
21,9
34,10
55,10
30,11
29,9
19,10
45,13
42,13
32,13
90,10
44,13
34,9
35,8
39,10
29,13
24,9
49,10
52,10
54,13
31,5
44,10
18,10
27,9
24,9
30,9
27,10
34,13
25,10
39,9
28,10
51,9
21,9
33,10
27,11
29,9
33,6
37,9
20,9
24,13
29,9
31,13
41,10
42,10
20,10
54,5
55,13
21,9
52,11
19,9
33,11
22,9
59,9
17,6
31,8
74,9
45,6
36,9
35,10
45,10
42,9
50,14
39,9
44,10
52,2
24,13
56,5
27,9
47,13
40,15
38,9
27,11
52,9
22,9
41,10
30,9
55,13
25,10
32,13
28,10
33,9
17,9
27,9
55,11
63,10
39,9
51,16
67,4
41,13
27,9
54,14
59,6
18,9
19,9
31,9
17,7
42,9
37,10
51,9
48,9
23,9
27,11
25,9
69,12
30,13
33,9
28,9
45,3
25,10
37,11
59,1
26,9
48,10
64,9
39,13
24,13
40,14
46,14
35,10
43,9
31,9
22,10
35,10
35,9
35,10
40,15
50,14
48,15
70,14
46,9
36,9
37,13
24,5
47,13
35,9
43,13
18,7
54,9
62,9
36,13
27,5
23,10
61,13
39,13
33,3
28,2
22,9
31,11
26,13
44,13
73,13
44,13
35,11
33,13
27,13
47,13
29,9
33,10
50,10
32,9
41,14
19,10
45,9
65,9
42,10
33,13
32,13
42,10
49,10
38,9
38,10
37,10
24,10
27,10
25,5
29,9
46,9
44,9
26,13
46,12
38,10
38,10
22,13
33,10
50,12
31,9
26,10
42,10
27,9
34,14
64,9
43,10
39,9
47,15
56,14
25,14
60,13
52,9
43,9
46,13
19,10
56,4
22,13
28,7
39,3
28,10
31,13
22,9
39,9
39,13
28,7
67,9
31,9
50,13
34,9
48,9
51,13
54,9
44,11
20,10
37,9
38,10
59,12
59,13
51,10
60,13
29,10
37,10
42,6
28,13
34,9
50,13
22,9
27,9
45,15
39,9
25,13
63,9
24,13
18,9
19,9
23,8
20,3
17,6
63,13
28,13
51,13
29,13
64,10
17,6
45,10
18,8
31,9
48,13
41,10
65,15
27,11
39,11
51,10
49,14
58,9
36,13
25,9
41,10
31,5
63,7
50,13
63,10
44,14
48,9
51,10
18,9
23,10
31,9
38,9
19,10
56,10
31,4
46,10
39,14
56,9
31,9
42,13
53,9
18,7
18,7
20,10
27,9
31,13
52,14
46,9
30,10
26,13
48,14
37,10
29,5
49,9
24,9
74,9
56,3
39,13
21,9
29,13
43,9
23,13
26,9
47,9
27,9
45,9
30,9
35,10
33,9
37,9
21,9
42,9
48,9
46,9
36,3
54,9
25,9
26,9
36,9
56,13
37,9
26,13
23,13
23,13
41,13
55,13
39,13
67,12
60,9
54,9
38,14
47,10
49,13
19,9
20,10
66,9
22,10
51,14
19,10
36,10
33,9
41,13
90,9
78,4
36,9
30,15
35,10
46,14
38,9
24,13
40,13
49,4
19,9
77,10
46,9
41,10
28,2
21,9
24,8
36,9
23,10
38,9
29,9
38,10
47,13
39,14
40,13
21,10
32,9
23,9
44,9
37,10
70,13
51,14
66,5
57,10
36,10
48,13
24,9
51,14
43,13
27,9
32,13
20,10
33,10
19,10
32,10
35,15
26,9
39,9
24,13
45,10
20,10
49,13
35,14
30,9
23,10
33,13
35,9
31,14
20,7
44,9
33,9
50,10
25,9
28,9
60,13
38,11
38,10
57,13
50,9
39,7
69,9
51,11
42,9
53,13
37,13
37,6
38,9
20,10
38,10
52,11
48,11
30,11
37,9
47,9
33,13
33,9
20,10
41,13
32,10
54,9
36,13
46,13
45,13
18,10
62,10
33,9
42,9
18,10
32,11
43,4
20,9
50,13
42,16
36,9
22,9
30,9
33,9
43,12
38,10
34,13
40,10
40,9
41,15
57,10
65,14
52,10
59,15
18,9
48,12
45,3
24,9
27,12
40,14
44,13
24,9
71,15
17,8
57,10
71,13
37,16
33,9
41,9
25,13
42,9
18,7
34,9
57,6
27,13
46,13
64,7
24,13
23,13
33,10
58,11
25,5
44,14
53,9
38,9
36,13
25,9
54,13
31,8
18,9
40,9
26,10
68,16
33,13
22,12
50,10
24,13
44,9
37,9
34,13
45,10
77,14
25,6
20,10
46,9
26,12
45,2
70,9
57,9
28,11
35,12
36,10
32,9
29,13
36,13
19,9
27,13
48,14
49,13
55,14
61,9
42,10
42,12
30,11
32,9
37,10
35,10
30,11
30,15
55,10
36,10
33,9
56,13
26,11
37,9
28,9
38,9
76,9
35,10
48,10
35,12
39,13
64,9
22,9
45,13
27,3
43,9
23,10
25,6
39,14
63,9
37,15
26,9
33,13
45,13
28,10
20,10
34,9
34,10
41,9
38,10
36,13
38,10
46,13
43,13
49,10
26,13
28,9
54,9
53,9
24,10
23,10
55,9
58,5
26,9
19,6
28,10
45,10
30,10
76,9
47,9
34,10
40,10
24,9
30,13
67,10
24,9
43,10
29,8
40,9
61,10
45,16
21,10
58,9
52,10
34,9
20,10
25,10
46,9
54,10
43,14
25,5
21,12
65,10
37,9
29,9
44,13
37,10
38,10
35,10
32,9
44,10
39,13
23,10
25,13
23,10
47,10
47,7
25,9
35,10
68,4
50,11
47,9
35,16
24,9
21,9
35,13
30,13
17,7
49,9
27,3
22,9
22,10
50,9
51,11
27,13
27,13
23,4
20,9
42,9
32,9
45,13
35,4
22,9
34,10
28,13
38,13
48,10
22,10
34,14
25,9
23,9
38,10
43,9
49,9
23,10
57,9
24,13
44,10
34,12
29,10
29,7
35,9
48,9
38,9
42,9
53,10
29,15
59,13
31,9
34,9
51,13
25,9
28,9
30,9
46,9
45,9
23,10
33,12
44,13
25,9
48,10
23,9
33,11
20,10
23,13
71,9
22,13
36,13
27,7
40,9
30,10
30,11
30,10
35,13
39,9
39,9
74,3
32,10
25,9
64,10
47,9
37,13
47,9
33,9
40,11
22,9
56,9
37,9
30,10
20,8
53,14
43,13
23,9
43,9
30,9
20,10
22,11
38,13
54,10
23,9
46,9
59,6
28,6
18,8
41,11
42,11
58,10
24,9
39,13
28,13
25,14
29,10
53,3
63,9
26,11
21,9
45,10
29,11
72,16
51,6
21,5
38,10
38,13
46,14
31,13
68,6
43,9
21,9
44,13
56,16
20,9
36,9
21,9
21,10
52,10
56,16
52,13
51,13
29,9
36,10
29,9
21,9
58,2
37,9
50,10
30,9
29,9
48,9
50,4
39,12
35,15
54,9
24,9
20,9
30,10
19,9
26,9
38,9
25,10
33,10
60,13
30,10
30,13
19,4
23,9
27,10
20,10
39,12
33,4
65,9
34,13
20,9
23,10
25,6
28,13
31,7
28,13
37,9
52,10
66,11
31,9
37,13
45,13
45,12
44,9
32,13
35,9
53,7
54,10
43,11
30,10
49,10
52,16
20,10
60,9
45,12
48,13
28,13
61,15
48,10
32,10
27,9
38,13
33,3
43,14
36,9
38,7
24,9
22,6
30,13
55,14
46,15
39,9
50,9
34,11
47,13
46,9
23,9
43,10
45,9
55,13
68,9
39,11
39,9
37,13
19,10
20,7
49,11
33,10
21,9
72,13
58,14
43,9
62,7
21,10
26,10
27,5
34,10
49,9
28,9
34,13
29,10
58,6
45,9
47,13
53,9
52,6
47,7
36,13
48,13
35,10
49,13
43,10
33,13
49,12
17,6
28,10
25,13
69,5
41,11
31,13
57,14
49,10
40,13
55,11
47,10
50,8
36,13
17,7
30,9
79,9
42,9
67,9
36,9
35,14
27,13
21,4
46,9
45,13
20,7
17,7
40,10
28,13
33,7
55,9
55,10
47,9
52,14
29,10
36,3
37,13
41,9
43,10
24,4
39,13
47,13
42,9
39,9
48,13
47,14
27,6
29,9
22,11
37,9
38,13
32,1
48,14
46,9
51,9
28,13
35,9
18,7
45,9
36,9
73,10
52,13
17,6
29,11
31,9
20,10
42,9
37,10
40,9
32,12
29,14
20,10
26,7
25,13
37,9
18,8
33,10
26,10
24,9
33,9
23,9
20,6
36,10
37,13
24,11
38,12
50,13
44,7
46,9
57,10
37,9
44,9
21,10
31,9
32,11
45,9
20,9
52,9
47,9
41,10
40,10
41,13
46,13
49,9
65,10
50,9
59,9
18,10
47,14
47,9
45,9
17,7
45,9
73,7
48,6
64,9
38,12
37,9
62,9
26,9
46,14
46,14
51,9
54,10
65,10
29,12
37,9
36,16
60,9
33,13
62,9
20,9
37,9
66,14
32,12
29,10
70,10
74,9
37,9
51,9
50,10
42,9
26,13
27,10
58,9
30,10
32,13
66,9
23,10
35,9
50,13
17,7
35,9
31,9
30,7
84,10
35,9
45,11
46,9
50,10
37,7
32,9
53,13
27,10
22,9
29,13
35,9
38,10
29,4
26,10
34,15
31,11
30,10
20,10
37,14
32,9
36,12
54,14
78,4
46,10
18,9
57,10
37,9
43,9
45,9
32,10
38,9
25,12
70,10
40,10
40,9
20,9
29,9
24,11
28,11
58,6
38,13
59,10
18,7
40,9
39,14
35,13
45,9
62,13
24,9
22,10
23,13
39,10
28,11
51,7
44,13
73,2
24,9
24,7
52,2
43,9
67,8
31,8
36,9
43,12
31,4
23,10
26,13
48,10
40,10
55,15
49,9
34,13
29,9
50,13
19,10
63,16
66,13
65,10
60,11
60,9
19,9
26,9
75,10
58,10
18,10
65,12
50,9
26,10
45,14
19,10
29,9
52,10
23,13
21,9
48,9
59,14
50,13
41,13
32,9
40,9
19,9
30,3
42,9
23,13
37,9
21,7
28,13
50,9
20,10
21,7
21,10
45,13
49,9
53,10
41,9
48,13
73,9
34,10
24,9
58,9
41,13
53,1
40,9
28,10
32,10
44,10
18,7
37,9
43,12
22,9
28,6
51,10
63,9
29,10
44,13
44,4
37,10
62,9
31,9
20,9
48,6
24,10
56,13
36,10
29,9
34,15
39,10
29,10
38,9
23,5
37,9
30,10
58,10
42,12
59,9
45,9
46,10
25,14
41,9
49,9
37,10
31,9
22,12
22,9
17,7
47,16
17,6
39,3
23,10
41,13
36,14
52,13
21,9
33,6
17,7
41,9
19,9
38,9
24,10
38,13
39,13
19,10
31,12
42,10
36,9
29,10
17,8
47,13
24,10
61,10
40,10
31,5
59,9
29,10
26,9
46,9
56,9
25,13
17,8
29,11
23,3
67,9
29,14
33,12
32,9
34,10
49,9
54,10
39,9
41,13
31,10
47,16
27,9
23,7
44,4
25,12
23,10
52,9
62,9
31,13
19,7
22,10
53,10
25,9
45,9
69,5
49,9
42,13
44,9
56,10
37,9
37,13
22,10
34,13
36,9
54,9
28,10
28,13
36,6
73,3
37,9
24,13
30,9
38,11
50,10
69,9
43,15
42,9
54,10
27,12
39,10
27,10
30,9
30,9
37,10
50,13
36,10
22,10
21,10
33,13
76,4
22,10
37,13
34,10
29,9
29,9
28,13
73,10
43,10
39,10
74,6
27,13
47,9
90,9
47,13
42,13
69,13
18,8
23,13
44,9
41,9
47,10
43,13
33,10
48,7
39,13
43,14
18,10
52,9
18,9
27,9
27,13
45,9
79,15
24,11
25,10
42,6
63,4
40,9
47,15
42,9
42,10
63,13
37,13
65,9
30,6
62,13
46,9
23,9
47,13
20,10
21,9
28,9
61,9
30,9
30,13
29,13
39,9
23,7
32,7
63,9
19,10
57,16
41,13
23,11
30,16
43,12
64,4
56,3
32,9
55,9
17,7
17,6
29,10
23,9
37,9
39,9
36,13
50,13
41,11
31,10
71,9
56,10
51,10
20,10
53,13
33,14
27,10
40,10
45,10
54,11
33,9
27,9
36,6
42,14
33,10
19,10
52,13
41,14
30,10
22,10
47,13
26,3
36,7
35,9
46,10
24,13
30,11
38,9
50,9
41,10
38,9
36,13
47,9
59,10
35,13
59,16
52,10
37,11
52,13
51,12
67,13
58,7
68,6
71,5
49,14
35,9
18,9
29,6
47,13
31,5
22,10
20,10
57,9
18,10
32,9
39,9
37,13
51,9
48,10
39,9
35,13
40,3
19,9
28,9
23,10
18,10
23,13
47,7
42,13
25,10
17,6
34,13
30,14
29,12
22,10
46,9
69,9
50,9
19,10
59,9
45,10
41,14
47,13
64,7
29,10
29,15
17,7
24,9
28,9
35,9
48,13
36,11
38,11
49,9
42,14
36,11
25,6
41,14
35,9
32,11
41,14
48,10
56,9
47,10
30,9
51,7
22,13
49,13
67,9
26,9
35,13
37,5
34,10
51,9
26,13
28,10
32,4
55,7
17,7
40,10
38,13
67,9
44,9
26,10
25,9
45,9
38,9
62,10
20,9
45,10
47,14
49,13
36,9
24,9
29,9
23,7
50,9
44,13
44,13
32,9
73,9
24,14
46,9
61,10
37,14
29,11
40,12
17,7
30,9
19,9
30,16
90,9
76,3
47,9
65,1
25,10
41,13
47,9
27,12
42,9
49,9
37,13
19,10
24,9
34,15
33,13
44,10
37,13
45,9
35,13
58,9
45,10
54,10
45,14
69,10
24,9
36,9
61,6
57,13
56,9
35,14
51,13
50,7
25,10
46,14
23,13
44,9
38,9
35,9
25,10
78,9
18,6
40,9
61,9
31,8
33,9
35,11
55,14
19,9
31,10
43,14
49,14
48,15
27,9
38,14
35,9
29,9
27,13
31,5
26,13
53,9
23,9
32,9
54,9
36,13
22,9
62,10
41,9
59,13
43,9
34,9
27,10
35,10
41,9
42,13
24,10
35,9
40,10
46,4
45,10
33,9
68,9
33,13
23,10
42,13
30,10
35,10
40,9
36,14
46,5
49,9
41,9
26,14
37,9
50,10
20,10
59,16
30,10
23,9
44,13
28,13
48,10
34,9
58,13
33,10
38,13
49,13
67,2
23,6
42,10
54,9
49,14
35,14
26,9
31,9
36,9
25,6
35,14
40,14
52,12
42,13
25,8
50,14
52,10
51,14
19,10
43,11
57,8
35,9
30,13
38,9
45,10
23,9
22,10
21,9
60,10
45,13
26,9
49,6
29,10
47,10
40,9
34,9
42,14
33,2
63,9
53,9
38,11
44,10
43,6
26,14
56,9
39,11
44,4
34,9
40,12
38,10
44,10
34,10
22,13
58,10
43,10
23,9
41,10
44,10
32,9
38,12
47,10
24,9
39,14
32,8
40,9
34,9
34,9
57,14
71,3
45,14
54,9
26,11
37,10
28,10
42,13
45,9
37,9
57,9
39,13
45,10
30,11
27,9
44,16
44,16
38,9
19,9
39,10
55,6
17,6
43,10
36,9
45,13
44,14
26,10
32,12
21,9
43,13
34,9
33,13
40,9
46,3
20,9
54,9
23,10
58,9
25,10
50,14
42,9
25,9
60,7
43,9
25,13
31,9
35,9
48,10
43,9
27,9
24,9
44,9
52,9
49,10
31,9
59,7
27,13
38,14
51,13
24,9
58,13
46,10
55,3
76,9
25,10
51,10
33,9
46,9
51,10
42,11
53,13
33,14
30,13
41,10
42,12
34,9
31,11
46,10
35,2
40,9
46,10
43,14
35,9
23,13
50,9
43,9
61,9
29,15
21,9
36,13
40,9
23,13
90,13
24,13
20,10
40,14
37,11
31,9
22,9
25,10
46,8
47,14
48,11
36,14
26,13
28,5
20,10
51,10
32,9
55,6
41,13
46,14
45,9
65,9
45,16
22,10
22,10
42,15
37,13
24,13
67,10
28,9
56,6
31,11
33,10
52,4
45,10
53,13
47,4
40,9
35,10
65,4
42,10
23,13
39,10
39,9
37,9
25,11
31,9
39,9
39,13
25,13
30,7
37,5
22,9
46,14
54,13
33,12
70,13
36,10
53,14
55,9
17,7
36,10
36,15
40,9
36,9
28,9
39,14
49,3
63,9
61,10
48,9
55,9
18,10
20,9
49,9
27,9
37,6
32,9
33,16
47,11
34,9
61,9
25,9
26,12
18,9
35,9
36,9
56,9
40,11
24,8
66,9
42,9
28,9
39,10
65,11
20,10
52,9
24,10
39,10
18,9
49,4
21,10
35,9
38,9
55,9
27,6
34,9
54,10
38,9
32,9
33,10
32,12
34,14
46,13
48,14
23,10
48,4
67,9
36,15
25,13
43,10
27,12
56,2
54,10
39,9
60,9
27,10
21,10
24,10
31,10
22,6
26,13
45,9
33,9
55,3
29,5
72,9
35,9
53,9
40,10
20,9
69,9
41,9
45,14
27,9
46,15
55,10
31,10
45,10
64,9
38,10
17,6
33,9
22,8
23,10
25,9
33,13
31,9
37,9
53,9
28,10
33,13
41,9
61,13
25,10
20,10
35,9
64,11
28,9
39,10
53,9
28,9
38,10
25,13
19,10
20,12
27,13
55,9
52,14
21,10
30,9
47,9
22,6
24,9
26,13
27,9
57,5
18,14
30,13
34,13
40,10
60,9
25,8
39,13
48,9
27,10
33,9
65,9
52,9
27,13
32,10
45,10
18,7
27,13
57,10
44,10
30,14
26,10
28,10
61,9
49,9
33,14
50,12
53,4
33,9
22,10
45,13
26,10
50,4
47,9
52,13
57,9
21,10
58,9
50,14
33,10
34,7
20,10
37,14
57,12
57,9
21,12
40,10
23,10
54,9
38,10
32,10
22,10
27,9
42,3
36,9
22,9
40,5
26,9
46,9
28,7
46,13
55,9
76,10
27,13
50,9
75,9
42,14
36,14
51,9
43,15
44,13
20,10
60,3
47,13
73,7
27,9
50,9
35,4
31,9
45,13
57,9
34,9
19,10
25,9
39,13
28,9
48,14
38,9
53,3
19,9
41,9
23,12
32,9
35,10
21,11
24,13
34,9
29,13
24,10
55,9
28,9
46,9
38,9
29,10
35,13
29,9
41,16
40,9
30,9
72,7
17,7
46,9
38,13
36,13
24,12
28,9
28,9
60,9
42,10
48,13
37,9
32,16
55,10
30,10
68,4
45,9
26,9
22,10
22,10
36,10
52,4
68,15
26,13
52,13
46,9
53,14
17,7
29,13
41,10
45,10
57,10
30,13
46,9
45,12
59,10
40,12
38,9
22,10
59,4
36,10
40,4
18,6
62,9
63,9
29,14
27,13
47,16
20,9
48,12
29,9
22,9
42,12
36,11
60,6
41,9
43,9
33,13
34,4
32,9
22,10
52,5
27,12
60,14
41,13
34,13
30,9
35,10
39,13
64,10
17,7
29,14
37,11
43,9
30,9
17,6
29,9
24,10
27,13
69,13
30,9
29,9
17,6
61,4
70,4
32,13
21,9
27,9
27,13
19,10
44,14
36,10
45,14
29,13
34,13
28,13
34,3
18,9
39,10
34,10
35,14
24,9
41,13
50,16
68,10
35,7
47,11
43,14
35,9
34,10
26,9
50,10
22,9
20,9
18,9
52,9
71,9
55,9
17,7
36,10
25,13
39,8
27,13
42,9
22,9
57,11
34,10
31,14
24,13
41,9
30,10
17,7
26,9
32,2
55,6
19,8
28,14
55,9
49,15
23,13
43,9
40,10
41,13
23,10
59,9
20,9
21,9
28,13
44,10
31,13
50,13
54,9
28,9
34,9
46,14
28,13
23,9
29,13
35,9
41,10
90,10
35,14
20,9
42,14
56,4
31,13
23,9
60,9
28,10
32,10
36,14
44,13
34,10
27,9
49,9
48,9
47,9
34,13
27,12
31,13
24,10
24,9
25,10
36,11
38,9
57,3
24,10
41,9
56,11
19,9
44,9
34,11
25,13
27,9
22,9
59,10
34,7
30,9
21,10
24,10
19,10
82,10
35,13
32,11
45,10
30,9
28,13
28,13
29,9
60,10
28,11
38,10
31,9
28,10
42,10
40,5
24,10
37,10
36,9
39,13
22,5
46,10
28,13
34,10
42,10
43,9
35,9
60,15
33,10
22,9
39,11
33,13
39,9
37,7
63,4
46,10
48,9
33,9
65,10
39,9
43,13
28,6
50,9
24,13
48,9
35,10
62,9
42,10
60,9
50,9
40,15
39,9
43,13
43,9
35,9
39,13
30,13
32,10
18,10
37,12
26,13
51,9
35,10
33,13
46,13
40,11
34,11
29,9
47,10
34,13
45,9
53,9
52,14
64,4
42,14
44,10
41,9
53,14
25,9
20,7
29,11
56,9
45,16
56,9
38,10
62,9
28,13
31,9
24,13
65,13
40,9
31,13
35,9
42,14
20,9
30,10
25,13
22,9
65,9
31,10
56,10
51,9
36,6
44,10
49,14
28,9
57,13
33,10
49,13
74,16
48,13
38,13
39,9
46,13
56,13
27,13
17,7
28,5
18,6
42,14
39,10
29,9
21,10
36,10
56,6
49,3
47,10
44,10
40,2
43,13
62,8
52,15
25,9
63,14
51,16
25,9
62,10
27,9
48,10
32,9
36,10
30,9
45,14
27,9
41,13
61,9
70,13
55,7
35,13
36,11
29,10
30,13
45,7
39,13
18,9
28,9
27,13
38,9
33,9
25,9
25,9
38,7
23,10
40,11
36,9
20,10
41,9
44,10
49,13
22,12
26,10
47,12
48,9
28,9
37,10
44,13
20,8
53,13
36,14
77,4
21,9
24,13
30,12
51,11
22,10
23,10
47,16
17,8
48,13
43,10
34,8
19,9
42,10
23,13
61,15
63,7
65,9
37,11
41,12
35,10
21,9
48,13
51,10
43,13
22,10
56,10
47,9
26,13
39,10
45,10
49,9
23,9
69,9
41,14
40,9
25,9
52,9
28,10
50,12
21,11
48,10
27,15
63,9
47,16
37,16
28,10
58,9
41,10
67,10
62,9
28,10
26,8
46,15
29,9
39,13
25,14
20,10
21,10
25,13
44,15
37,9
50,14
29,9
18,10
32,13
58,11
50,9
29,10
58,9
29,10
36,9
21,9
49,9
60,14
39,10
50,12
30,10
55,9
64,9
29,12
40,13
42,9
55,9
43,9
28,8
46,12
34,9
47,14
43,14
24,10
21,7
65,13
20,10
31,14
38,9
22,10
20,10
44,10
44,14
41,16
38,9
21,10
24,10
24,14
28,9
39,13
48,10
24,9
50,9
50,10
68,10
31,14
22,2
18,10
25,9
28,10
17,7
24,16
20,6
45,12
44,10
57,4
33,13
24,13
22,10
41,9
51,13
46,13
52,9
50,13
26,13
17,6
64,10
51,9
28,9
51,13
39,13
48,10
44,10
47,7
52,9
58,10
19,7
40,13
23,10
31,13
40,12
48,10
46,14
32,9
50,9
18,9
26,14
36,13
26,11
19,10
53,12
54,10
29,10
81,14
37,14
40,11
36,10
18,8
44,7
36,9
69,16
17,8
38,11
27,9
52,12
24,12
57,13
19,6
38,9
46,4
21,9
29,10
33,10
26,9
28,9
26,10
37,15
49,13
28,13
57,10
60,4
20,9
38,9
51,9
60,10
37,13
44,9
19,10
59,14
50,9
35,13
46,10
18,10
32,3
32,11
39,9
25,9
30,14
37,13
38,10
36,12
56,10
35,13
56,9
17,6
46,14
56,9
61,8
25,10
27,9
50,9
33,11
33,11
38,10
51,7
27,12
49,14
26,9
42,14
37,13
38,10
48,9
41,13
33,9
30,9
25,13
50,13
54,9
37,7
59,13
17,6
65,7
56,9
57,9
33,6
41,14
45,13
50,9
18,9
19,10
26,10
61,12
67,7
41,10
29,9
27,10
35,9
37,13
22,7
25,6
26,9
27,9
26,13
51,9
45,9
60,9
35,10
24,9
40,9
69,9
44,13
65,9
52,10
38,9
18,7
24,11
52,10
21,9
67,16
64,10
25,10
34,14
39,9
26,9
19,6
35,9
26,14
38,9
45,10
18,7
51,10
36,9
18,10
37,11
37,13
39,9
21,10
46,16
33,9
23,13
52,9
28,9
23,10
48,10
17,7
22,10
26,9
40,9
90,6
28,9
44,9
29,13
45,11
43,9
17,6
49,13
27,13
60,9
33,9
53,6
19,10
28,9
22,12
48,9
76,6
19,10
28,11
58,10
19,10
37,9
22,10
52,15
31,13
50,16
62,9
26,13
64,9
38,10
44,15
28,9
19,9
39,9
50,6
39,14
36,13
39,11
51,12
28,9
57,15
40,15
27,10
32,10
49,9
34,6
24,9
54,4
52,8
43,7
84,3
79,12
35,10
56,9
30,9
54,9
35,13
32,10
44,13
32,9
60,8
40,10
50,4
58,5
41,9
28,9
53,9
71,10
17,5
45,9
23,9
25,10
40,10
28,13
27,8
19,10
24,9
38,13
24,14
18,7
58,9
35,14
43,5
45,9
24,9
63,5
40,5
21,13
20,10
42,9
49,10
47,9
48,9
61,4
23,12
35,13
46,10
18,8
28,13
62,13
20,9
28,9
57,9
56,4
33,9
19,9
29,9
30,10
53,13
25,2
44,9
22,10
40,9
25,11
30,4
51,11
17,7
46,13
50,10
34,10
42,14
41,13
32,13
32,9
47,10
50,10
77,4
33,9
47,9
64,7
34,9
34,9
67,14
37,9
34,13
22,10
50,16
60,13
46,13
44,13
43,9
48,14
36,9
48,10
37,10
51,14
52,14
27,3
43,14
23,9
66,12
37,6
35,10
42,13
49,6
51,13
71,9
50,14
63,9
41,14
24,10
41,10
33,12
42,10
23,13
49,11
28,8
31,3
28,13
37,7
19,10
51,13
25,11
49,9
47,9
48,9
41,9
32,9
26,9
46,9
17,6
34,7
44,9
23,12
35,10
30,13
65,10
34,13
34,15
39,11
28,11
53,14
34,7
21,9
53,4
54,14
32,10
39,13
39,10
29,9
29,9
43,9
20,10
39,14
45,10
36,10
71,11
62,9
43,10
31,9
39,9
32,13
45,9
19,9
43,10
32,11
43,13
34,13
66,10
37,11
46,12
23,13
41,13
63,9
55,9
35,15
28,5
37,13
63,9
43,13
30,11
36,14
54,13
36,13
78,13
77,13
28,9
39,9
37,13
34,11
22,13
54,13
21,10
36,6
62,9
40,10
47,10
38,13
28,3
46,13
22,10
37,9
69,6
43,13
53,13
20,9
22,13
48,5
40,14
68,10
39,10
57,9
23,6
25,13
22,9
23,8
41,13
25,10
58,10
33,9
28,14
19,7
44,10
68,1
33,9
24,9
44,9
38,13
31,9
29,9
65,5
55,9
49,9
27,9
41,9
33,10
22,9
41,9
66,9
38,10
43,9
40,10
32,10
30,9
35,13
41,14
33,13
36,13
33,13
53,9
27,13
22,13
26,9
64,9
48,10
23,9
26,10
35,13
46,10
65,10
53,9
18,3
34,15
28,9
37,13
61,13
59,13
32,14
31,13
25,13
81,2
47,9
39,9
37,10
44,9
37,12
41,10
27,3
55,10
60,13
22,12
23,13
19,9
45,10
36,9
46,13
48,7
39,9
29,13
39,9
26,9
37,12
49,10
27,13
28,6
35,10
54,9
17,6
18,9
33,10
33,12
51,10
49,9
49,10
41,10
64,2
40,10
49,9
23,13
34,10
38,7
47,10
30,9
36,12
23,13
47,10
61,9
47,13
56,13
20,8
33,9
36,9
38,9
34,10
56,9
32,11
26,12
49,13
71,9
19,10
20,10
42,9
51,10
38,10
38,6
35,13
24,13
40,9
21,9
49,9
18,10
54,9
52,13
27,13
20,9
38,14
31,10
25,9
19,10
33,10
23,13
34,14
42,13
37,14
25,13
40,11
33,13
31,10
32,13
63,13
54,13
32,9
29,9
26,10
39,10
57,13
54,10
57,6
23,13
27,10
42,13
31,6
49,14
50,9
46,9
37,9
26,9
27,13
24,10
24,9
29,9
47,13
33,10
26,12
20,10
25,11
57,13
36,9
25,14
46,13
39,9
29,10
18,7
46,11
61,13
41,9
50,10
53,13
36,13
38,10
75,9
26,11
44,13
25,9
31,10
49,8
34,9
31,9
47,10
38,13
18,9
47,5
42,9
29,13
38,10
22,10
32,9
20,10
41,15
46,9
44,9
35,13
18,10
60,9
36,5
30,10
40,16
21,10
25,13
56,14
42,10
26,4
66,9
48,4
35,10
41,14
19,10
55,9
42,13
45,10
29,13
42,16
65,9
30,12
43,10
61,4
22,10
23,7
34,9
51,9
21,10
31,12
34,12
33,10
32,14
44,7
21,10
75,9
55,14
43,9
31,9
41,10
26,14
23,11
42,9
29,9
21,9
28,13
64,9
35,10
65,13
34,13
58,13
63,15
50,13
59,9
46,13
30,11
28,13
51,3
47,14
30,13
34,9
51,10
41,9
57,10
28,11
62,9
22,10
38,13
34,7
45,9
37,12
21,9
49,9
24,9
47,13
20,10
27,15
40,9
19,10
31,13
43,9
48,13
64,9
39,9
50,9
52,11
44,14
50,9
54,9
17,6
33,9
28,6
39,13
33,11
59,4
74,2
54,10
31,12
31,10
20,10
54,14
42,11
57,15
49,9
40,16
19,9
38,9
39,9
43,12
32,10
57,13
38,15
25,13
40,13
34,13
35,9
53,10
21,10
43,13
43,9
22,11
64,9
19,8
40,14
34,9
46,9
35,9
32,10
26,10
25,9
55,13
22,10
29,10
38,9
55,10
26,9
34,13
25,9
39,9
18,7
58,5
34,11
29,10
49,16
38,13
21,10
28,13
42,10
29,12
48,9
40,13
36,10
34,13
57,2
24,5
32,5
18,9
39,9
39,7
18,7
20,10
27,5
54,6
40,9
27,10
27,9
43,13
22,13
17,7
37,12
49,6
33,11
21,10
45,9
33,9
25,13
71,9
23,13
41,15
21,6
47,9
30,13
40,10
44,10
50,14
31,9
68,9
45,8
38,13
78,7
31,11
39,9
36,4
46,14
30,10
34,10
30,9
47,13
40,10
62,9
44,9
40,9
20,10
45,13
55,13
51,9
38,10
49,14
49,13
30,9
20,10
34,5
42,9
46,14
43,13
62,9
21,10
58,2
30,13
37,9
22,13
64,5
42,9
43,9
34,10
25,9
21,10
45,9
55,12
24,9
70,10
27,13
34,10
57,13
37,9
52,2
32,9
42,11
24,13
50,9
36,12
42,9
40,9
39,13
51,13
38,13
18,9
63,3
50,14
82,9
33,9
37,10
24,9
31,13
59,9
18,8
47,10
48,7
27,13
34,7
50,11
57,10
60,9
39,9
56,10
18,9
26,12
37,10
20,9
29,14
30,9
21,10
24,10
51,9
31,9
45,13
36,10
29,13
20,9
46,10
44,9
39,9
39,13
45,9
28,10
44,10
48,9
27,9
34,9
35,9
28,9
25,15
21,10
18,7
63,4
18,7
32,9
25,7
19,7
23,10
38,14
36,14
43,9
45,13
30,9
46,9
24,10
42,10
23,10
27,9
48,10
31,9
31,2
18,8
36,9
58,13
51,9
22,9
72,6
61,6
42,10
37,9
30,9
40,12
20,9
65,13
36,10
37,9
33,10
64,9
61,13
38,13
27,13
24,13
39,13
44,13
47,10
73,15
66,13
53,10
43,13
57,16
44,12
59,13
52,9
46,10
20,10
37,9
41,10
39,9
30,9
59,10
22,13
40,9
39,13
24,6
63,9
51,12
34,13
38,11
17,7
20,10
42,9
41,13
56,9
17,6
31,13
23,10
33,10
36,13
37,3
52,9
28,9
59,9
30,6
32,11
30,4
53,9
54,6
26,13
34,13
31,11
34,9
58,9
30,9
53,9
27,10
23,3
24,11
36,13
33,9
22,10
47,9
34,12
44,15
41,11
45,9
24,9
65,13
45,13
23,13
54,9
40,7
45,3
50,9
40,12
24,10
42,9
50,10
58,10
47,10
37,16
37,9
22,12
29,9
45,13
49,10
44,11
72,9
63,9
26,9
58,11
40,9
56,10
55,10
28,13
57,9
37,14
44,9
31,9
42,10
18,10
57,6
53,10
38,9
33,9
42,14
70,9
50,9
50,9
28,12
72,7
33,9
47,9
48,10
64,13
19,7
48,11
37,9
55,9
24,14
42,9
43,9
34,12
55,14
22,9
39,10
50,13
47,10
25,13
52,7
30,9
37,9
73,9
50,4
34,10
24,12
66,10
22,9
69,6
23,9
55,13
35,10
20,10
70,10
54,11
34,9
38,16
33,4
43,9
60,10
81,13
32,9
34,9
46,14
30,10
23,9
29,10
51,9
31,4
36,9
23,10
35,9
28,14
33,13
40,10
27,10
38,9
47,11
25,10
45,13
38,10
66,10
65,10
30,11
54,7
49,8
41,11
48,9
23,3
77,9
19,10
30,9
41,13
35,9
20,10
66,13
49,9
52,13
24,14
50,9
22,7
19,10
39,7
45,13
61,13
45,12
36,13
40,14
38,9
52,10
29,11
33,9
40,10
34,9
46,13
44,14
19,9
44,9
40,9
20,10
24,12
76,9
20,9
33,15
31,10
33,9
19,9
29,13
30,9
48,14
42,13
37,7
54,9
42,12
28,9
42,10
60,14
76,9
21,11
29,10
43,13
44,9
45,13
38,10
28,10
29,9
20,10
49,14
36,10
40,13
17,8
45,9
42,10
29,13
57,13
23,13
20,10
23,9
39,9
34,10
43,13
25,10
40,10
52,9
48,9
37,11
36,9
33,11
36,9
24,13
42,9
35,12
40,9
50,15
40,14
22,9
57,9
51,9
61,9
71,9
47,9
38,13
25,13
33,7
40,7
39,7
29,9
33,9
46,10
24,9
28,14
20,9
34,10
34,13
25,10
36,13
61,9
38,10
57,9
20,9
56,9
24,13
60,10
37,10
27,10
54,10
40,9
18,8
51,9
40,10
64,9
24,9
33,9
31,9
26,9
54,13
31,2
39,8
22,10
31,10
68,3
59,6
35,9
25,13
23,9
35,10
17,6
19,10
53,14
59,3
37,9
74,9
28,10
40,13
30,10
20,10
80,15
51,9
17,6
37,13
19,9
58,9
57,10
37,10
23,10
36,13
33,9
30,10
30,9
41,15
57,10
23,9
40,15
53,9
31,10
41,3
36,9
30,8
44,9
36,9
42,12
48,9
22,13
38,9
31,9
32,9
35,9
21,10
26,9
19,9
43,9
33,9
30,13
52,6
38,13
28,13
57,12
51,13
50,5
32,13
32,13
37,9
69,9
33,10
37,10
36,10
47,9
63,6
21,10
17,9
56,9
90,12
27,10
38,9
33,12
26,9
20,10
42,7
55,9
32,10
66,13
66,16
49,10
34,9
38,13
40,9
22,12
46,9
29,9
19,8
71,9
37,13
52,14
27,14
52,9
31,9
37,10
28,9
25,4
31,10
29,9
45,9
69,4
50,7
54,16
17,5
34,9
32,9
23,10
66,13
61,9
55,10
24,9
30,9
49,11
21,10
56,9
25,9
49,13
58,13
40,13
62,14
54,13
34,11
18,6
28,7
32,9
22,13
34,13
53,13
47,9
19,10
41,10
46,10
56,4
42,9
25,13
42,9
43,13
17,7
57,4
40,14
62,9
20,10
47,10
40,10
44,9
48,13
39,11
46,10
72,15
53,9
47,10
40,9
34,9
41,9
41,9
20,10
42,2
54,13
39,13
37,9
59,16
69,3
24,13
36,11
21,10
68,9
20,10
26,11
48,8
39,15
21,12
22,9
34,11
33,10
46,5
47,7
65,13
23,9
28,10
34,9
20,10
28,7
52,13
40,14
22,13
29,9
31,4
42,14
38,9
22,7
21,10
43,5
43,13
33,10
17,6
54,15
45,9
55,6
51,9
65,6
21,13
40,9
58,10
53,9
39,14
56,9
37,10
44,13
49,5
36,10
59,13
33,9
36,15
26,10
22,6
25,14
28,10
41,12
45,11
43,9
30,5
33,9
34,10
21,11
31,13
48,3
22,10
47,10
27,13
18,7
43,14
36,10
37,9
24,11
24,9
38,13
48,13
75,2
43,13
64,13
67,16
36,9
53,10
22,10
73,9
46,9
45,9
43,9
20,9
43,10
21,8
40,9
36,13
64,13
19,10
46,10
46,14
41,13
29,10
28,10
23,10
30,13
44,13
27,9
25,9
29,6
54,9
27,13
34,9
38,10
24,9
56,14
35,9
23,11
23,10
19,10
42,15
46,13
48,9
27,9
22,12
49,10
23,10
24,9
34,9
25,9
33,10
22,12
54,9
39,14
25,13
75,9
28,9
50,13
62,13
40,9
58,13
24,12
21,9
40,13
45,11
48,9
34,9
23,9
43,14
42,10
39,13
52,9
21,10
56,13
48,9
37,9
25,9
40,13
34,7
52,9
41,13
36,9
21,11
28,13
31,13
20,10
68,9
35,9
32,9
64,14
17,6
25,13
74,9
31,11
51,16
67,9
42,9
29,9
31,9
21,9
67,6
41,9
27,13
51,8
21,7
28,9
21,10
28,11
29,9
39,9
21,13
43,11
44,9
28,7
31,5
18,9
27,10
34,10
25,9
34,13
43,9
40,14
21,9
25,10
21,9
19,10
49,12
20,10
36,7
32,10
23,10
21,10
25,13
26,3
24,13
22,10
26,9
22,5
41,13
18,9
24,13
38,9
36,13
45,14
38,10
38,9
34,9
53,12
32,11
17,7
45,13
31,9
47,16
27,9
61,10
33,9
67,9
38,13
25,9
33,3
27,9
45,9
24,13
23,11
48,10
61,10
22,9
34,11
32,9
35,10
36,6
24,9
60,5
28,13
64,9
22,9
27,3
36,10
27,9
52,10
57,9
23,10
29,9
34,9
38,9
50,9
50,7
51,13
17,6
25,7
19,9
43,9
59,10
39,14
18,5
27,14
39,11
44,13
19,9
32,9
48,9
46,12
65,7
57,13
48,9
46,4
27,6
29,10
21,9
20,10
51,9
35,10
29,9
30,10
65,9
20,9
47,10
41,9
17,5
38,3
38,14
39,9
24,9
52,6
46,10
22,13
56,14
37,7
59,13
19,7
31,5
22,10
48,16
63,13
33,9
53,9
38,11
39,12
59,15
45,9
39,10
60,9
38,13
31,9
61,13
66,13
26,13
60,15
68,4
32,10
25,13
43,9
26,13
55,14
66,6
31,9
35,3
58,15
56,14
22,10
46,13
33,10
26,14
42,13
45,9
43,10
19,7
27,13
51,9
42,9
43,10
38,13
44,9
36,9
37,9
29,13
53,9
42,13
80,10
61,7
55,10
20,10
23,9
48,10
24,13
71,9
49,7
39,9
22,13
67,13
18,9
38,13
38,4
50,9
56,12
23,10
26,10
32,9
44,13
27,9
40,10
43,12
31,10
57,10
25,13
22,11
20,11
27,9
39,10
27,14
41,9
31,13
41,12
25,13
29,12
22,9
62,4
29,9
44,10
32,13
19,9
20,11
65,10
24,9
37,14
43,9
38,13
28,12
33,9
32,9
38,14
33,10
42,13
27,9
41,9
47,14
55,7
30,10
54,10
40,13
21,9
34,13
30,13
31,10
22,9
37,9
41,5
52,14
57,10
48,10
58,9
35,5
40,9
30,9
26,9
46,9
26,10
50,13
22,9
36,14
30,9
58,12
17,7
72,11
19,9
29,4
20,9
30,10
47,10
51,10
26,6
24,10
44,14
43,9
35,13
51,9
41,9
38,10
39,9
54,6
62,9
45,16
30,9
32,9
23,9
84,11
46,13
67,14
29,13
33,11
23,10
63,9
55,9
42,15
17,7
60,3
31,8
28,4
31,5
65,13
31,13
61,9
43,15
40,10
39,9
37,10
47,10
45,10
30,9
30,15
49,10
51,9
31,13
48,13
20,10
32,9
31,10
19,9
50,14
33,9
25,13
49,9
30,10
23,13
44,16
24,11
28,11
56,9
38,9
20,10
82,9
52,13
32,10
37,11
36,13
39,13
30,9
49,9
40,11
42,7
35,13
39,9
32,11
22,7
53,10
25,9
17,6
44,9
52,14
42,9
34,7
27,10
37,9
39,14
26,9
48,14
57,9
36,11
27,13
17,7
30,3
37,11
31,13
23,12
32,6
58,9
31,9
44,13
39,13
59,9
42,13
45,9
20,9
35,9
50,12
56,9
48,11
58,14
32,11
23,10
48,9
33,9
48,13
55,9
40,11
50,10
52,6
19,9
55,6
36,15
39,13
22,10
44,13
34,9
33,10
55,14
35,14
50,7
43,10
29,11
56,10
33,13
24,9
46,11
60,9
48,14
65,7
29,9
42,9
44,15
73,10
21,10
32,9
43,14
21,9
30,10
54,13
19,10
55,10
20,10
53,13
51,14
33,9
62,10
24,9
17,5
26,10
36,9
32,6
58,16
38,13
72,9
26,9
45,9
72,11
60,10
27,9
38,11
37,10
28,10
38,13
29,9
19,9
28,13
70,13
40,9
26,11
43,12
29,10
25,10
29,9
60,2
31,13
51,4
18,10
36,13
35,13
48,13
78,4
72,13
24,10
58,7
36,7
48,10
28,9
26,14
29,13
47,3
50,13
35,3
17,7
41,10
37,9
35,9
56,4
23,10
33,12
79,9
28,13
55,7
59,14
22,13
19,7
41,3
32,11
67,4
45,9
61,3
34,13
43,11
38,13
35,16
65,9
24,13
37,9
34,10
42,9
18,4
43,10
31,10
19,10
40,10
32,13
47,10
32,10
46,16
40,13
36,13
33,11
23,3
21,6
40,9
53,16
20,10
53,10
58,5
51,9
31,9
35,9
23,7
31,10
21,10
39,14
36,15
51,6
18,7
32,10
56,13
35,12
63,8
61,9
23,10
52,14
19,9
33,14
35,13
35,9
38,15
23,13
22,11
20,9
19,9
47,9
59,7
38,9
36,9
27,3
24,11
35,9
22,10
37,9
36,9
28,9
55,9
29,3
32,13
66,10
47,10
23,13
50,14
40,9
51,9
34,9
28,13
52,16
39,9
43,13
36,13
25,13
42,10
35,10
43,14
34,9
50,13
30,10
44,14
52,11
35,12
36,11
30,13
36,13
39,13
25,2
26,13
20,9
20,10
70,3
26,9
24,10
48,13
62,9
48,9
52,13
25,13
58,3
40,13
29,10
45,4
19,10
37,7
23,7
31,9
64,4
28,10
32,9
49,10
35,10
19,10
45,16
39,8
55,10
46,13
19,10
29,9
25,9
37,13
30,9
28,9
36,10
32,10
34,7
34,9
20,10
27,14
36,9
35,10
37,9
32,9
32,14
52,9
50,10
23,9
25,9
21,1
31,9
31,10
41,11
47,10
20,10
20,10
29,6
51,10
30,13
23,10
48,13
39,9
62,13
22,13
46,13
51,14
20,9
40,12
31,13
30,10
52,9
20,9
37,11
65,13
40,13
60,13
27,9
62,13
53,9
38,13
49,11
21,9
18,10
25,13
36,7
52,9
19,10
23,13
63,13
63,11
62,13
51,12
76,10
50,9
45,9
44,10
51,4
42,13
43,14
53,7
29,11
41,10
44,9
35,6
27,9
35,10
60,11
49,10
33,13
35,13
31,10
54,9
57,16
30,5
45,6
41,10
25,13
51,10
42,3
28,11
47,6
53,13
31,13
46,7
25,9
47,9
26,13
30,9
48,9
22,10
32,10
33,16
31,9
43,10
26,11
34,9
50,13
30,9
17,7
35,14
29,10
27,12
32,13
34,13
32,9
47,10
40,10
26,11
30,9
54,9
53,13
38,13
43,4
25,10
39,9
57,9
47,9
45,9
24,13
32,6
25,10
57,3
28,13
28,9
27,13
28,13
74,2
44,9
27,9
61,13
25,7
28,5
20,10
33,11
38,9
31,9
40,14
43,10
38,14
19,10
56,12
38,14
30,13
22,9
18,9
68,10
35,11
42,4
32,6
43,10
30,6
62,10
38,11
27,9
28,16
26,11
21,10
19,9
20,10
25,13
28,10
36,11
23,13
24,13
23,9
24,13
25,9
24,9
30,9
26,13
62,14
36,10
45,9
31,12
34,9
65,13
42,11
27,15
40,10
53,10
54,9
30,13
59,9
42,9
23,9
28,13
20,9
22,10
73,13
47,10
44,10
40,8
37,11
39,9
49,10
44,10
27,5
50,9
39,13
41,9
55,13
53,2
53,14
31,14
21,9
30,9
74,9
53,14
47,10
60,13
59,5
37,13
47,13
49,5
73,10
58,9
18,7
35,10
24,10
62,9
58,9
51,10
21,9
30,13
27,11
25,13
31,9
31,9
44,10
52,16
30,12
29,9
36,7
54,13
59,10
55,10
70,11
22,12
42,9
36,12
32,13
44,4
22,9
25,7
31,9
33,9
54,12
42,9
49,9
30,9
54,9
39,10
24,10
21,9
23,5
54,9
23,14
39,9
23,10
67,9
19,7
41,10
32,7
57,9
18,9
60,16
21,10
53,10
38,13
21,10
53,16
24,9
36,12
29,14
23,10
44,10
32,14
25,13
41,9
18,9
57,10
62,13
29,13
19,9
35,15
52,13
28,6
38,9
42,10
41,13
23,13
31,14
31,3
46,14
18,7
57,14
25,11
32,14
27,5
46,13
17,6
43,9
56,13
19,9
20,9
42,10
90,9
25,7
27,9
48,9
48,10
27,9
46,13
32,3
22,11
24,13
31,9
20,10
28,15
40,9
39,9
54,9
59,10
17,7
25,10
49,9
55,9
39,9
67,10
28,9
35,5
44,9
51,14
55,13
45,9
32,9
45,10
45,14
35,13
55,9
59,10
22,9
46,14
23,9
47,13
34,9
51,7
40,11
24,10
20,10
44,10
26,9
35,9
23,10
40,9
49,9
32,9
28,11
51,14
62,11
31,10
47,12
36,11
44,9
18,9
46,13
32,9
51,12
48,13
28,13
57,10
33,11
42,9
17,6
63,5
31,13
34,14
35,10
20,9
36,9
24,10
33,10
36,10
31,13
29,12
47,13
30,16
34,9
23,9
33,11
59,6
67,13
26,9
27,9
20,9
24,13
44,11
31,9
28,15
19,9
31,13
20,9
64,9
47,9
36,10
48,9
19,10
22,9
56,5
22,10
37,13
57,13
38,12
34,9
22,7
38,10
30,10
32,13
29,8
56,9
42,11
66,6
71,9
20,7
25,9
42,9
20,9
61,10
24,13
51,5
27,9
41,10
31,9
39,9
36,9
51,15
52,9
49,13
43,10
45,13
49,9
19,9
44,9
67,9
58,15
36,13
67,9
61,16
55,4
23,12
35,9
35,6
20,10
51,9
23,13
39,9
36,10
47,9
27,13
29,9
21,10
18,10
24,10
39,9
51,10
47,13
62,10
49,13
20,7
24,10
25,9
54,13
25,9
20,9
43,10
26,13
24,9
18,7
45,10
45,9
26,13
47,10
54,9
21,9
29,9
68,10
21,10
28,10
46,9
35,9
50,6
48,10
17,6
59,13
23,10
53,9
50,14
32,3
53,8
52,9
38,13
43,14
35,13
41,15
22,10
39,9
45,14
31,5
40,13
47,3
53,9
53,13
33,13
24,13
34,10
46,9
29,10
61,7
31,9
29,9
42,9
50,10
34,9
39,4
74,2
40,10
75,15
40,13
36,7
61,13
42,7
28,13
19,10
36,12
33,11
50,10
47,12
48,9
60,9
30,14
32,13
45,14
51,10
53,5
34,14
48,14
68,9
32,12
63,9
31,9
58,13
32,12
32,13
40,13
50,13
38,6
30,9
21,9
28,13
63,9
32,12
25,9
59,10
22,11
49,10
36,13
31,9
46,10
37,15
48,13
43,10
41,9
54,9
36,10
29,13
66,9
59,15
62,13
29,6
28,13
27,13
42,9
60,11
58,14
27,10
45,9
50,10
43,10
39,15
21,10
24,9
59,15
36,9
72,10
35,14
33,10
30,9
40,11
26,10
37,11
68,10
45,13
56,9
36,9
50,13
38,11
29,13
28,9
39,10
26,13
52,10
52,13
84,9
33,10
46,15
30,9
38,13
66,9
62,14
31,13
31,13
39,9
60,9
27,13
37,11
38,10
25,9
48,9
42,13
45,14
22,10
50,9
21,9
44,10
60,9
21,10
51,9
30,9
46,12
43,11
57,9
48,14
39,13
68,9
33,10
22,9
18,7
28,9
32,14
56,9
36,9
34,10
18,9
39,6
25,13
27,10
56,14
33,9
49,16
44,9
30,7
27,9
25,13
30,13
38,12
38,9
46,10
37,9
62,9
55,9
47,9
45,9
50,9
36,9
45,9
23,9
37,12
38,16
27,10
29,13
45,14
41,9
38,10
27,13
51,10
44,9
33,14
28,9
32,13
43,14
45,9
52,12
24,9
19,10
47,11
53,16
31,13
30,11
56,9
49,13
38,9
19,10
39,11
38,9
47,9
58,7
27,9
59,14
24,13
42,11
53,14
35,9
36,9
26,9
33,5
29,10
43,7
35,13
48,13
45,14
43,9
27,5
21,4
63,9
39,10
52,13
41,13
48,9
27,7
53,9
33,12
37,6
18,10
43,16
20,10
47,15
36,9
41,9
67,4
38,13
47,14
39,11
34,13
36,9
24,10
50,9
21,9
21,5
40,9
19,10
38,9
34,11
44,10
20,12
44,9
49,9
45,12
24,9
34,9
58,9
39,9
22,9
38,13
32,15
45,9
23,9
35,12
52,10
55,10
23,9
22,13
27,9
24,12
21,10
49,13
32,8
64,10
37,9
61,4
44,9
53,9
43,14
60,16
23,10
25,14
29,9
51,13
47,2
20,9
25,7
27,6
23,9
18,9
23,4
59,9
46,9
66,4
46,14
36,7
44,9
17,7
27,10
32,10
53,9
22,10
30,12
47,13
68,10
39,9
22,13
62,4
20,9
21,9
34,11
30,9
25,10
23,9
40,13
26,9
57,11
36,11
43,10
49,13
58,9
32,10
59,9
42,13
37,13
40,15
47,9
56,13
30,9
42,9
21,9
21,9
47,9
22,10
35,12
41,7
43,13
60,10
73,4
90,13
62,9
28,9
45,10
19,9
30,9
19,8
23,10
22,13
19,9
45,12
26,9
42,6
62,9
61,6
34,13
22,9
56,14
32,10
24,10
26,9
32,9
58,12
25,12
23,10
23,10
54,10
28,10
35,13
30,10
23,8
42,10
72,6
21,9
37,13
54,9
58,14
32,13
65,10
22,13
52,13
65,6
33,9
35,9
27,10
34,9
53,9
23,6
43,16
58,11
38,6
26,9
60,13
28,9
33,9
29,10
54,16
41,4
63,10
31,9
23,13
31,10
41,15
51,9
59,10
23,10
24,10
67,9
65,9
47,13
21,9
38,4
55,13
39,14
24,9
24,9
38,10
19,9
32,9
63,10
18,10
36,10
41,13
57,10
48,9
44,9
25,10
48,8
20,10
74,9
44,9
26,10
54,9
39,9
38,10
18,6
32,14
24,10
19,5
28,9
28,9
49,9
50,13
63,9
58,9
68,9
41,10
21,9
27,10
24,13
50,13
47,10
64,9
54,9
28,13
26,14
35,13
48,9
50,12
39,9
46,13
41,10
24,4
57,9
32,9
41,12
55,9
41,11
69,4
22,9
45,9
33,9
57,10
38,13
40,9
48,10
38,10
26,13
24,9
35,9
37,10
42,9
37,9
37,9
28,14
22,9
24,7
45,10
29,9
23,10
24,13
25,12
58,9
28,11
58,9
18,7
59,4
39,9
53,10
54,15
51,9
59,14
42,9
36,10
37,10
32,10
38,9
19,9
55,13
30,9
27,10
65,9
44,13
23,3
32,13
60,9
28,9
44,9
29,9
57,9
41,10
34,7
44,10
44,13
57,2
37,13
35,13
51,14
27,10
41,10
28,13
37,16
18,10
24,4
53,8
40,9
54,10
22,10
44,6
43,10
58,13
59,13
31,13
35,9
17,6
45,10
40,10
35,9
25,13
58,9
39,10
69,2
23,9
32,13
48,12
41,13
74,5
43,13
18,10
24,13
58,10
54,14
60,4
28,10
41,9
62,10
27,10
30,10
63,13
33,9
34,9
20,5
51,9
21,6
50,9
43,9
27,9
19,9
20,9
17,8
47,12
25,13
71,14
21,9
69,7
48,12
57,4
58,10
34,9
33,10
56,3
40,14
28,9
42,14
19,10
41,11
28,9
40,6
23,10
46,9
39,14
39,13
45,9
21,10
50,10
33,9
34,7
55,9
62,9
31,13
35,5
30,9
57,10
50,9
51,9
47,9
37,13
58,4
39,13
34,10
45,9
19,10
42,13
40,11
39,15
36,14
56,9
19,10
37,10
60,9
56,9
51,4
34,13
23,10
19,9
37,9
58,13
33,7
39,13
36,9
26,13
22,11
32,14
17,7
57,10
68,4
70,9
30,9
19,10
51,9
19,10
47,9
41,13
36,10
30,10
26,9
41,13
25,10
62,5
23,14
26,13
25,9
30,13
48,9
20,9
51,10
19,10
31,9
36,13
21,10
40,9
30,7
28,10
57,5
18,7
54,9
32,9
52,14
27,9
45,13
18,10
37,9
52,9
59,5
27,11
43,9
56,10
44,10
37,11
28,11
48,9
58,13
29,9
37,12
35,15
36,11
52,9
30,9
22,5
55,12
61,9
33,9
46,10
64,7
28,6
19,9
36,9
43,13
39,16
56,13
24,10
40,9
45,12
56,14
46,9
35,13
36,15
50,15
61,4
31,11
63,10
41,11
48,9
45,9
24,9
34,10
27,13
26,11
27,9
55,11
38,9
31,9
51,12
56,8
39,12
50,10
34,13
44,9
21,9
37,10
34,6
18,8
34,9
38,9
19,9
46,9
19,10
22,10
38,9
33,14
83,9
34,10
38,9
33,10
27,9
38,9
25,10
38,9
52,13
33,14
17,7
28,13
52,9
34,9
25,13
17,5
22,9
22,9
46,10
58,9
39,10
59,10
61,9
32,11
50,13
51,9
43,13
20,10
38,13
44,11
28,11
50,14
53,16
42,13
47,14
39,9
38,9
34,13
40,10
63,10
53,10
43,11
28,10
68,9
22,4
46,13
57,9
38,9
66,14
29,12
54,13
38,9
35,7
30,13
39,9
31,14
50,9
30,9
25,13
24,13
59,9
45,13
64,3
61,8
42,11
28,3
53,9
33,7
34,14
41,10
67,10
46,12
32,9
41,9
30,13
54,13
33,9
20,9
34,13
20,10
17,9
45,10
21,9
25,13
38,9
17,7
35,9
38,13
48,12
25,9
57,14
32,13
39,13
23,13
21,9
47,9
25,4
18,7
41,10
19,9
24,9
57,13
51,16
32,9
28,11
40,13
21,10
45,13
17,8
55,6
42,10
49,9
38,9
50,13
47,9
43,13
39,13
42,9
32,9
44,12
50,15
55,9
37,9
59,9
56,7
33,8
35,13
44,9
57,9
31,10
18,7
43,9
33,9
18,10
47,13
53,9
59,11
35,14
49,6
26,12
25,9
36,14
29,9
52,6
50,13
22,13
44,14
32,11
49,9
31,2
33,9
50,9
62,9
26,10
46,9
55,13
49,9
22,9
43,13
58,10
48,14
21,7
67,4
39,7
52,11
25,13
27,10
18,7
41,9
59,16
23,12
42,9
54,15
39,9
57,5
51,6
31,4
24,10
35,10
26,13
42,16
31,9
46,13
38,13
51,13
27,9
33,13
22,10
72,9
25,13
58,13
23,10
63,3
23,5
51,14
75,1
52,10
69,9
52,16
40,9
34,16
21,10
30,13
46,3
21,10
44,9
51,9
40,9
33,9
22,9
23,9
75,10
55,7
24,10
45,10
31,9
49,9
26,13
61,14
44,14
28,10
79,9
51,9
44,16
24,13
46,10
36,9
23,8
25,4
48,10
18,7
25,9
19,9
26,13
33,9
42,9
22,10
36,13
33,9
34,9
33,14
62,15
30,10
22,10
34,11
43,9
25,13
35,9
28,12
28,10
25,9
40,9
35,5
48,4
63,9
31,13
36,12
39,10
24,9
32,13
46,1
19,9
30,10
35,11
23,13
33,9
25,9
64,9
18,9
59,7
45,9
30,16
24,3
22,9
49,10
35,8
48,14
18,8
35,10
27,9
28,13
21,10
26,10
44,13
39,9
40,13
70,13
34,14
34,12
66,10
40,9
61,9
59,4
28,14
47,9
33,13
18,7
25,5
22,10
40,13
68,9
30,12
73,4
45,4
23,7
40,13
39,13
23,10
51,9
53,9
24,13
53,13
49,16
34,9
37,9
40,11
23,10
36,14
35,13
53,13
42,10
32,14
33,9
59,9
36,10
37,15
31,10
46,13
44,13
27,13
29,9
39,10
62,9
48,14
42,9
60,14
35,13
39,10
34,12
22,10
18,9
44,11
44,9
49,13
21,9
49,11
52,7
39,13
23,13
54,9
31,9
30,14
21,10
38,13
51,10
34,16
22,13
20,10
26,13
26,10
41,10
35,13
27,10
65,10
31,7
45,15
37,12
47,9
47,12
33,9
40,6
38,10
21,10
40,9
33,9
29,10
41,10
20,10
20,10
34,6
78,13
46,9
40,11
59,10
23,9
23,10
47,10
31,13
42,10
46,9
29,9
21,9
55,9
38,11
44,14
61,10
38,13
50,13
53,14
37,9
49,14
30,10
19,11
59,9
43,13
29,13
49,15
36,9
26,7
18,10
60,10
43,9
42,9
41,9
55,14
31,13
20,10
37,14
51,10
28,10
24,11
21,10
21,9
20,10
35,9
30,10
44,9
45,13
42,6
36,9
32,13
33,9
27,5
17,6
45,9
41,13
19,10
45,11
41,16
34,9
33,13
17,6
51,13
33,9
23,10
52,13
36,10
25,9
38,10
64,5
42,14
29,9
26,13
38,9
24,6
43,10
38,6
28,13
18,10
44,11
81,9
55,9
52,7
31,13
35,9
39,9
27,9
23,10
26,7
33,11
39,10
44,9
38,9
18,8
54,9
45,9
43,14
23,13
37,10
33,7
45,13
32,13
47,4
44,12
22,9
17,7
64,16
30,13
51,13
26,9
31,10
50,7
18,10
63,9
48,11
37,13
51,9
29,9
69,14
56,9
26,13
39,14
42,9
41,9
45,9
23,10
29,13
34,10
31,13
46,13
46,9
33,3
46,11
26,9
49,13
66,9
55,9
35,9
27,10
31,9
47,10
48,9
27,10
38,9
27,9
23,12
17,8
44,13
26,9
37,9
49,13
42,9
26,13
73,11
44,10
47,14
28,10
49,10
17,9
42,10
30,6
36,11
53,13
23,9
35,9
32,7
39,13
40,14
28,10
32,9
42,10
35,13
35,8
21,9
71,4
31,9
25,10
35,9
24,9
69,10
35,14
35,13
42,13
51,11
48,9
49,11
53,12
43,10
53,13
35,9
36,9
34,14
48,10
53,9
37,10
49,15
30,10
41,9
25,10
24,10
34,9
29,9
23,13
46,10
20,10
63,8
40,14
33,12
24,10
36,10
25,9
54,5
50,13
58,13
17,7
40,9
27,13
20,9
22,7
80,7
52,9
40,13
48,6
62,9
32,12
21,10
58,13
37,14
29,16
25,9
26,10
50,10
30,13
30,13
59,9
36,9
37,14
42,13
34,13
27,5
39,13
41,11
34,13
41,10
50,10
18,9
23,13
26,9
38,10
27,10
21,6
41,9
42,12
25,6
43,13
23,10
40,13
23,10
18,7
37,13
58,5
36,10
36,12
25,11
62,13
34,10
27,13
23,9
55,9
42,9
22,9
44,12
42,10
21,9
25,12
31,2
42,10
26,5
62,10
28,13
34,14
51,13
45,14
44,10
47,4
35,10
46,4
46,12
46,13
66,13
34,9
26,12
29,9
30,9
23,13
46,5
44,6
54,14
54,4
71,5
51,8
32,9
75,9
57,7
34,5
40,13
21,9
50,14
32,11
37,13
19,4
64,9
17,7
37,11
32,10
20,10
39,16
18,8
42,14
43,10
42,13
53,13
52,9
51,6
77,10
25,10
38,10
20,9
23,9
27,9
19,7
41,13
47,10
72,13
42,14
36,13
42,14
24,13
22,9
29,2
42,15
24,13
41,10
29,9
36,9
78,9
43,11
34,10
20,10
24,8
36,11
49,10
21,5
51,12
30,9
37,9
30,11
20,10
46,9
24,9
32,13
36,10
30,7
60,10
56,10
57,7
61,13
50,9
56,9
61,10
45,14
31,14
60,9
26,10
56,7
45,7
28,12
45,10
58,5
38,11
23,13
49,9
19,10
22,9
23,9
23,9
40,9
55,13
34,11
21,9
28,9
43,13
17,5
51,6
37,9
54,13
24,13
35,9
48,9
23,11
24,9
24,11
50,4
34,9
45,9
36,7
33,13
21,9
32,9
22,3
53,9
36,9
22,13
47,9
25,10
30,9
49,9
23,10
40,6
45,12
61,13
35,9
20,10
27,6
23,9
25,13
65,10
25,9
49,13
45,13
46,14
67,9
40,9
51,10
44,13
35,9
28,10
44,9
37,10
54,10
33,15
46,9
45,14
27,12
49,14
51,9
27,9
36,9
59,13
24,10
66,11
31,9
35,16
34,13
50,10
43,9
21,5
33,5
48,10
22,9
29,14
42,11
28,9
36,9
66,9
44,13
45,10
49,9
36,13
48,7
19,9
36,13
41,14
32,10
49,9
51,9
20,10
39,13
38,9
19,10
29,13
52,9
22,11
44,10
43,9
41,10
63,9
40,11
40,13
18,7
57,15
54,13
44,13
20,10
40,10
29,10
22,13
44,14
45,10
52,13
57,9
51,9
23,13
22,11
37,10
58,9
61,6
30,14
23,10
30,6
18,9
34,10
23,9
23,10
57,13
58,9
59,9
27,13
50,13
44,14
25,13
33,9
22,10
21,10
44,7
50,10
44,9
53,9
41,13
54,10
60,4
58,14
27,10
43,9
33,12
24,10
41,9
21,9
39,10
27,13
50,9
20,9
46,13
49,7
35,13
56,10
41,14
41,10
42,9
58,4
43,10
25,9
57,9
49,4
23,10
59,9
50,10
33,13
52,14
37,9
30,9
39,9
54,10
52,9
22,9
19,10
65,9
32,13
25,4
34,10
47,11
24,9
63,16
48,3
26,9
28,10
23,9
57,15
64,13
28,13
28,4
34,10
38,7
44,12
34,11
18,9
36,8
73,9
24,9
29,13
33,10
57,9
41,11
55,6
21,6
36,14
26,10
32,13
40,10
32,9
21,10
59,10
29,9
29,10
59,14
58,9
47,9
44,9
31,9
42,9
19,9
66,9
41,9
22,10
31,9
30,13
36,9
75,16
41,12
19,10
60,9
24,7
25,7
52,10
30,13
37,9
55,16
20,10
32,4
18,9
24,10
33,10
76,10
57,14
53,14
19,9
50,15
27,13
40,11
26,6
47,9
39,11
49,10
28,10
33,10
50,13
28,7
30,9
47,14
39,13
37,9
50,9
37,6
26,9
55,11
46,13
32,9
26,13
32,9
43,10
19,9
38,9
38,3
65,11
70,10
48,9
44,13
32,10
30,9
49,12
23,9
25,10
19,10
27,11
43,9
38,9
42,14
33,13
30,13
29,13
30,7
26,9
43,13
30,9
38,10
48,14
57,13
30,9
42,14
31,9
32,10
28,13
63,9
32,9
20,10
51,14
36,13
24,10
41,11
21,9
27,10
17,5
45,2
39,9
21,10
29,13
39,14
42,9
22,3
21,10
59,9
40,14
45,10
35,9
58,9
45,10
29,9
21,7
51,9
34,10
40,13
45,7
38,6
22,13
37,5
62,6
32,13
36,13
43,9
37,9
33,13
28,9
49,10
47,9
59,9
35,9
35,13
29,13
57,12
41,13
37,14
20,10
44,9
20,9
38,13
23,9
24,9
46,13
32,9
21,9
32,10
41,10
51,9
69,4
39,9
43,10
51,13
43,9
35,7
32,9
25,13
64,10
28,13
44,2
40,13
21,10
23,9
23,10
19,9
61,10
47,4
39,6
51,9
25,6
33,9
34,10
54,10
24,13
28,9
33,10
63,9
31,9
70,9
43,9
36,10
50,7
21,10
31,10
19,10
39,10
29,4
39,10
17,4
46,10
62,9
32,6
28,9
19,10
61,16
18,10
39,15
24,13
38,10
38,14
17,6
28,9
52,9
61,15
69,3
19,9
26,10
34,10
70,5
21,9
43,9
52,9
59,9
21,11
53,14
55,10
46,14
36,9
39,9
78,13
30,9
22,10
43,13
36,9
36,13
50,9
27,13
46,9
24,13
41,9
68,9
38,10
47,9
41,10
31,16
29,10
26,9
51,10
26,13
27,13
36,9
28,13
53,13
40,13
38,9
21,4
53,6
34,9
43,9
64,6
21,10
25,13
38,15
47,14
48,16
57,9
37,13
37,7
51,9
32,12
49,9
52,9
64,12
46,9
24,10
39,13
23,9
30,10
34,14
30,10
25,13
58,13
32,10
37,9
35,9
18,3
46,13
71,13
44,6
45,6
40,8
38,13
52,9
47,9
49,13
59,9
22,11
44,10
76,13
50,6
33,10
43,9
27,9
37,9
40,7
49,10
48,10
49,9
22,10
42,9
36,10
57,10
30,9
40,9
42,9
56,9
55,10
25,9
52,9
33,10
55,9
47,13
23,12
55,13
43,9
31,11
62,12
42,9
38,9
29,9
26,10
26,9
37,9
79,8
61,4
28,4
60,13
51,9
34,9
35,9
27,6
44,9
25,9
32,4
36,10
27,14
40,16
43,10
25,13
41,9
30,13
26,13
52,7
32,13
33,9
35,9
48,9
62,4
40,12
41,10
28,3
23,10
50,13
51,10
63,10
63,9
40,9
20,7
61,10
40,9
41,13
41,13
27,13
20,10
28,13
35,9
31,13
34,13
57,14
28,9
38,10
37,11
43,10
26,9
26,10
27,11
33,13
45,13
65,13
57,10
59,9
18,10
44,8
37,10
27,9
43,13
59,15
19,9
36,9
68,10
63,7
37,10
46,14
31,12
23,9
22,10
49,9
36,9
38,10
46,14
24,12
26,13
47,4
40,10
31,14
42,3
48,11
56,10
50,9
17,6
21,9
50,9
49,9
34,9
32,9
28,10
62,13
23,13
24,14
31,11
36,9
58,12
46,3
39,14
48,9
21,9
39,9
21,10
33,11
37,9
29,9
30,13
43,9
22,9
25,14
69,10
17,7
18,7
54,9
65,9
28,8
27,11
35,12
38,11
33,9
26,9
56,10
38,13
51,10
26,10
33,13
44,4
36,5
42,10
44,12
44,13
21,10
41,10
41,16
62,11
27,7
38,13
60,10
24,8
24,9
22,9
32,10
22,2
51,13
31,14
42,15
48,12
49,9
37,13
37,15
66,13
18,9
46,11
52,9
23,9
67,9
19,10
37,13
42,9
39,10
54,9
46,9
47,9
33,9
69,10
21,10
27,9
39,9
23,10
26,11
42,16
36,9
24,9
35,5
42,9
37,11
41,16
27,11
42,15
44,13
18,9
41,13
31,9
26,10
67,2
37,10
51,9
26,10
40,12
25,9
38,11
43,9
23,10
44,13
60,14
38,14
21,10
18,10
49,13
43,3
26,7
36,9
31,9
38,9
43,10
58,9
55,9
39,12
38,13
54,9
57,15
35,12
44,15
36,9
58,9
39,10
25,15
54,13
23,13
37,10
60,12
66,4
36,12
29,9
29,13
25,13
62,9
23,10
38,9
33,10
49,10
57,9
57,13
46,10
37,14
43,13
26,9
40,11
39,9
39,12
31,10
31,13
27,13
36,13
40,13
57,9
24,9
30,10
28,8
22,13
31,4
33,9
20,10
25,8
49,10
21,9
45,13
36,9
41,3
23,13
47,13
41,9
30,9
29,10
31,4
64,5
55,5
19,9
31,8
18,7
68,9
50,10
36,10
44,15
58,9
20,9
18,6
32,9
49,9
34,9
22,9
40,9
35,9
26,10
44,8
55,9
21,11
54,10
39,10
52,9
57,13
67,4
58,9
27,10
66,9
41,10
18,7
58,9
50,3
31,10
32,6
37,10
26,13
33,11
35,9
44,13
26,13
48,9
40,13
62,6
37,15
18,7
48,9
45,14
35,10
35,9
34,9
29,9
19,10
53,10
49,10
71,9
38,4
39,14
23,13
29,13
52,3
41,10
20,10
30,10
56,6
26,9
36,9
26,13
58,12
24,13
41,10
27,10
28,10
57,9
21,10
50,9
27,9
58,13
27,13
36,9
68,13
33,9
19,10
26,9
37,9
53,9
32,10
18,7
53,9
40,13
50,10
43,13
60,13
28,9
34,9
37,9
25,9
46,14
21,7
26,13
47,9
18,8
22,13
36,10
59,9
33,9
33,6
53,13
44,10
55,9
56,9
54,10
51,9
31,10
43,14
44,9
22,10
43,9
26,12
30,13
30,5
46,9
27,13
26,9
36,13
25,9
30,15
46,9
47,10
66,13
43,6
71,9
36,13
46,9
44,10
42,16
39,13
36,12
60,13
37,10
26,13
24,13
17,7
45,14
54,10
22,10
63,14
22,9
27,10
33,5
64,13
50,12
44,11
31,9
44,9
53,6
33,9
34,8
27,9
43,11
80,9
31,12
40,9
53,13
58,9
38,10
33,15
48,13
23,10
31,9
52,14
24,9
45,5
36,9
52,3
54,9
39,15
40,13
28,9
21,10
23,10
36,4
22,10
55,14
71,9
47,16
17,6
31,13
32,10
46,10
27,13
39,10
40,9
30,9
17,5
33,14
72,16
34,10
65,9
36,13
32,9
26,10
22,9
47,15
31,10
28,13
38,14
34,12
44,13
27,10
50,13
47,9
20,10
24,9
29,10
37,11
42,12
20,10
68,10
22,10
72,9
45,10
30,9
33,9
43,9
56,10
25,11
41,9
25,13
31,12
36,9
37,13
58,9
26,13
55,10
46,10
44,13
44,7
28,13
42,6
41,9
39,13
64,11
20,10
45,10
31,9
36,14
32,5
33,11
51,9
36,9
40,9
44,11
40,9
46,11
31,15
30,9
26,9
25,13
35,12
29,15
39,12
44,10
37,9
79,11
36,13
44,10
23,9
27,13
46,13
58,9
36,12
36,9
21,10
41,9
49,9
34,13
29,9
63,13
29,13
65,10
26,13
42,16
44,10
51,9
41,9
22,12
36,10
18,7
33,6
46,13
49,7
41,9
52,10
40,10
53,10
45,9
30,6
56,9
24,9
71,4
20,9
26,13
34,9
36,5
49,9
48,16
22,9
30,10
51,9
46,10
32,9
42,15
52,10
57,9
35,10
52,14
59,5
36,10
33,10
67,9
31,10
31,9
28,10
72,4
36,9
58,9
56,9
35,10
37,11
44,13
26,9
51,9
31,10
30,10
20,10
21,10
37,13
53,11
54,9
32,13
34,10
30,13
43,9
48,11
42,13
62,9
31,9
22,9
45,13
34,10
64,9
42,13
60,9
44,9
67,4
45,12
53,15
37,11
32,6
23,9
28,13
55,4
58,14
74,10
27,9
37,9
22,10
44,6
23,12
41,13
45,10
29,9
33,13
61,14
29,12
22,10
28,5
30,13
20,10
28,6
45,9
19,10
42,12
34,9
31,13
23,13
50,9
40,6
57,9
35,10
24,13
27,10
27,10
45,9
80,16
23,10
46,10
38,13
50,9
90,13
55,10
72,9
65,10
37,6
39,9
38,11
46,10
50,9
54,12
40,14
30,4
50,9
28,10
34,11
55,9
20,9
19,10
21,10
39,10
43,9
33,9
26,10
45,16
31,10
32,3
60,9
41,9
21,10
27,10
33,3
43,9
27,7
18,6
48,10
37,4
58,9
57,8
42,13
24,9
26,13
43,9
34,7
38,13
51,7
31,9
49,16
26,13
28,9
22,10
26,9
45,5
39,10
23,9
62,9
42,13
39,9
43,11
33,10
68,13
30,14
32,13
25,10
53,3
38,11
62,9
20,9
26,9
23,9
43,9
29,10
34,6
24,10
44,14
19,10
47,13
40,10
45,9
43,9
22,5
50,16
72,10
29,13
47,13
24,9
22,10
21,9
30,9
37,10
74,15
70,10
27,11
32,13
30,7
29,11
18,7
31,9
39,10
21,10
31,9
33,10
39,15
29,9
34,10
52,13
35,9
33,6
40,5
43,13
66,2
51,13
36,9
17,7
32,9
39,9
19,10
54,7
45,13
47,13
49,9
32,9
28,9
39,13
27,9
42,14
24,13
45,13
19,9
46,6
50,9
32,9
47,15
69,13
43,9
29,13
43,15
90,13
41,15
24,1
24,10
24,10
35,9
30,13
46,13
19,10
39,5
43,9
35,9
65,9
34,9
41,11
24,10
24,9
34,14
33,9
37,9
39,9
58,9
36,9
33,10
42,14
31,10
57,9
67,9
23,9
35,10
43,13
39,10
36,9
29,12
25,9
54,6
24,9
50,13
70,6
61,13
51,13
38,14
51,9
28,9
66,15
57,9
44,13
29,10
21,10
42,6
74,15
50,10
65,9
64,9
44,7
34,11
17,6
17,6
43,10
32,12
54,13
20,10
23,10
34,9
30,10
32,4
40,13
28,10
44,9
29,11
28,16
37,10
56,10
27,13
34,9
37,9
66,13
19,9
60,11
54,10
47,9
47,10
48,11
57,9
50,10
62,5
45,10
55,9
62,9
25,6
49,7
32,10
25,9
39,10
27,10
43,9
30,9
21,10
33,15
33,10
33,7
70,4
25,10
17,7
20,10
19,10
71,10
31,12
26,13
52,14
26,13
38,9
25,10
22,13
48,10
53,9
30,12
44,10
32,13
59,7
49,10
65,9
31,9
53,3
44,5
36,13
36,9
37,5
63,13
67,9
29,13
52,9
37,9
21,10
36,10
24,9
31,9
54,9
44,13
18,10
41,9
37,14
30,9
26,13
68,16
31,10
48,9
80,9
26,10
63,5
19,10
30,10
42,9
64,12
32,13
50,9
73,9
32,13
53,10
58,13
37,10
24,10
53,13
23,10
42,12
30,9
38,13
28,9
19,8
45,9
26,13
33,5
29,9
54,14
23,10
43,9
37,5
31,4
56,8
25,7
17,7
37,9
60,11
59,13
59,9
46,15
28,9
33,9
24,9
29,9
33,11
29,9
23,10
20,10
60,9
44,6
18,9
52,8
31,9
30,13
33,9
20,10
27,13
33,11
25,9
63,9
63,10
43,9
58,7
70,11
35,11
42,10
20,10
35,9
62,5
41,9
43,13
19,8
46,9
47,13
36,13
45,12
48,6
29,12
48,13
36,9
58,7
43,9
59,13
42,13
33,11
23,10
21,10
48,3
32,9
31,10
66,14
23,13
52,10
17,7
35,10
39,16
21,10
24,10
45,9
25,9
29,13
56,13
34,9
64,9
27,9
47,9
36,13
44,9
31,9
23,9
45,10
31,9
45,6
42,9
33,12
33,14
30,10
25,10
33,14
70,14
22,5
30,13
46,12
43,8
37,4
59,10
51,9
47,13
36,10
73,3
32,14
34,9
51,9
20,9
57,10
19,10
45,8
55,6
60,10
19,9
35,9
20,9
34,13
26,15
73,10
27,14
37,11
73,9
46,11
36,9
54,9
49,7
68,9
34,13
30,11
28,13
28,7
25,10
26,10
40,10
32,9
60,7
18,8
36,13
26,13
24,9
90,9
20,10
27,13
58,13
37,14
65,9
28,9
36,13
45,9
23,9
69,9
58,9
22,9
58,13
53,10
44,9
31,6
46,13
48,9
46,10
43,5
43,10
17,6
20,10
22,10
19,10
35,10
29,13
18,10
25,9
54,6
23,10
36,3
26,9
25,9
46,5
41,10
31,9
48,14
52,14
22,9
18,9
46,10
34,10
30,9
31,7
21,9
41,9
45,13
30,13
21,5
44,10
54,7
36,9
50,13
26,13
47,15
36,9
32,10
21,6
30,9
34,9
51,9
55,6
43,10
37,9
28,10
39,10
35,9
59,14
26,9
68,9
46,15
21,9
23,10
17,6
23,9
34,9
33,12
31,12
31,13
56,9
21,9
45,9
41,13
26,6
41,7
46,14
47,9
43,15
35,9
44,9
58,13
25,12
44,11
57,10
24,10
38,13
33,4
25,10
33,9
50,10
35,9
36,13
27,10
22,11
30,9
90,14
39,9
34,13
39,13
19,10
19,6
29,9
66,12
38,10
44,3
34,4
35,12
29,13
22,9
33,10
73,11
35,10
41,9
27,10
25,9
47,13
36,13
36,2
25,9
37,7
26,13
53,10
36,14
30,13
53,10
37,9
41,9
53,13
23,10
28,9
53,6
32,9
33,13
27,9
52,11
31,10
27,12
44,9
37,14
39,9
18,8
42,9
49,13
35,9
43,9
43,15
31,10
27,13
46,10
54,9
37,10
53,10
26,10
59,15
36,10
32,9
53,14
26,9
35,9
48,9
30,10
38,8
58,9
44,9
30,11
68,9
26,13
26,13
41,2
43,13
48,13
55,9
50,10
41,7
52,9
24,9
31,9
54,11
31,14
31,13
47,9
40,11
46,10
45,9
39,6
34,10
48,10
19,10
56,10
47,9
35,10
25,10
43,13
59,13
66,4
63,4
32,10
58,13
43,11
27,9
21,8
44,10
40,9
65,9
50,10
18,9
51,14
44,10
20,10
29,11
50,11
50,9
43,6
23,13
41,9
30,10
58,13
50,11
37,13
21,9
33,9
52,10
47,9
45,13
34,10
39,10
31,10
19,10
45,10
45,11
34,9
27,7
37,9
20,9
32,13
24,2
39,9
18,10
62,10
24,13
37,9
46,13
44,9
53,9
25,13
44,15
24,13
61,9
45,14
33,10
48,13
26,9
40,9
68,13
24,9
25,13
31,13
55,10
46,12
58,13
56,9
45,13
24,13
35,9
51,9
47,15
17,7
21,6
45,13
42,9
56,8
39,9
31,4
20,10
65,3
44,10
33,9
25,13
38,9
31,6
33,13
49,9
28,9
29,9
23,11
37,13
52,10
27,9
47,10
21,9
41,13
61,10
32,13
21,10
63,8
34,10
21,12
44,9
26,13
36,14
39,13
52,9
44,13
42,9
60,9
31,13
30,10
23,10
81,2
39,13
38,6
21,10
28,9
34,13
47,9
36,9
27,9
56,13
57,9
42,10
43,9
48,9
53,9
58,9
19,8
37,9
41,10
31,4
31,13
53,9
19,10
56,16
55,10
51,3
62,10
43,10
45,4
28,9
46,9
62,13
57,9
60,13
23,10
47,10
21,10
51,9
61,9
52,13
76,13
24,10
31,13
43,13
58,10
18,10
19,8
44,10
41,10
21,10
40,9
25,10
62,16
42,9
35,11
19,9
60,9
20,9
23,12
18,9
40,10
19,10
51,9
41,13
18,6
41,10
27,10
71,2
25,8
73,9
45,10
25,10
50,9
44,9
44,11
49,9
44,10
42,9
20,9
66,9
19,10
60,10
46,11
42,11
59,10
58,12
47,9
58,10
69,13
17,6
19,7
28,10
37,9
30,9
36,10
45,7
59,4
45,10
53,16
37,9
26,10
53,5
44,9
27,13
22,10
41,9
53,9
58,9
34,8
32,13
32,10
47,14
27,9
25,10
40,6
36,10
23,9
44,5
19,9
42,13
60,10
41,9
45,9
67,3
36,13
52,14
28,16
83,9
17,7
27,11
35,11
40,10
23,12
51,7
51,2
82,6
28,9
53,9
29,13
19,9
30,13
23,4
66,13
27,7
35,9
17,8
27,9
27,15
44,13
64,9
62,9
26,10
40,9
40,16
35,9
25,13
52,10
46,10
30,9
52,10
28,9
17,6
46,10
45,13
21,10
18,9
17,7
90,10
23,10
41,13
19,10
69,9
23,12
28,10
37,12
57,9
30,10
48,9
73,9
25,3
33,14
36,9
28,9
57,9
31,10
35,5
40,9
32,10
35,13
26,9
27,10
17,6
29,10
18,7
20,10
69,9
18,10
56,9
40,10
46,10
41,8
53,10
50,14
23,7
40,13
54,10
45,10
53,9
17,7
50,13
22,13
30,13
40,13
36,14
25,12
29,9
29,13
22,13
56,13
60,14
37,9
53,4
23,10
18,9
36,10
67,9
31,9
26,13
18,7
45,14
64,7
26,9
53,10
27,9
32,10
49,9
59,6
44,14
61,9
41,9
46,9
32,9
29,9
48,14
32,10
21,9
50,15
44,14
51,9
42,9
27,13
70,9
33,9
65,9
39,14
32,9
30,10
43,10
31,5
64,13
37,10
49,9
29,7
35,9
37,12
42,14
21,10
23,12
35,9
29,11
23,10
21,10
45,13
24,13
38,9
28,6
23,9
39,13
45,14
68,12
60,11
38,16
41,8
48,9
33,9
48,11
23,10
26,5
55,13
35,14
52,10
46,9
72,9
18,9
62,9
22,10
40,10
26,10
35,12
25,9
46,11
39,13
41,10
59,13
37,9
38,10
33,13
23,12
67,14
60,13
39,13
32,9
26,13
39,9
28,10
29,7
43,11
23,10
32,13
33,10
45,9
48,9
43,15
50,9
63,13
55,9
22,13
32,9
27,12
22,13
44,9
34,9
28,9
40,14
45,10
17,6
53,8
58,12
55,9
44,11
40,9
58,14
38,9
62,5
31,11
31,7
30,9
37,9
38,9
58,8
30,13
28,11
46,10
34,13
39,10
61,10
30,11
31,9
21,9
50,9
47,9
20,9
23,13
46,2
20,9
33,13
30,10
43,10
23,10
34,13
25,10
50,9
44,14
26,10
35,16
48,9
26,9
41,14
25,13
33,11
24,13
31,13
24,12
41,5
38,10
19,9
19,9
24,9
59,13
67,14
49,6
35,11
44,10
58,10
22,12
21,10
50,10
44,12
36,10
30,10
52,9
35,9
48,11
23,9
37,14
44,14
44,9
36,13
26,10
31,13
23,9
29,9
53,9
52,11
55,9
31,6
19,9
64,9
55,9
48,14
20,9
50,9
45,13
17,6
38,9
43,9
22,9
63,9
36,13
56,13
43,15
41,13
41,9
36,13
59,16
46,12
23,13
46,10
53,13
47,9
46,14
47,9
29,9
32,11
90,9
63,13
23,11
76,13
23,11
44,10
81,6
17,6
56,11
58,6
45,13
25,9
36,13
32,11
25,9
29,10
23,9
41,14
48,13
29,9
27,14
55,10
30,7
45,10
50,9
22,9
80,9
30,9
20,10
29,9
56,10
63,13
20,9
38,9
31,9
21,10
47,6
25,13
31,10
28,9
38,9
30,13
39,9
27,13
26,10
47,9
27,9
43,10
32,13
20,10
21,8
32,11
37,11
45,9
37,12
54,5
24,13
28,7
23,10
54,9
40,9
38,10
71,6
51,10
52,10
30,13
34,9
38,6
43,11
43,7
36,10
24,10
29,2
55,6
51,14
43,9
28,9
54,12
47,10
47,13
47,10
38,10
60,3
19,9
22,10
55,14
44,10
53,2
44,14
28,13
30,10
39,9
43,9
24,13
27,11
64,3
41,10
28,9
61,9
27,7
49,10
20,10
41,13
28,9
36,9
44,13
51,13
40,10
19,9
54,10
55,9
57,11
29,10
51,9
44,9
35,11
40,9
46,4
25,10
33,13
32,10
22,9
39,10
18,9
43,9
46,9
63,10
40,10
59,13
40,14
23,9
64,9
36,11
48,9
43,10
18,6
17,7
36,15
53,9
36,10
20,9
22,13
34,13
39,7
57,10
30,6
37,15
51,9
38,9
34,9
47,9
28,9
25,6
25,10
50,14
50,9
43,13
27,9
32,9
44,6
19,9
53,10
21,9
26,9
68,9
31,10
32,13
33,14
49,9
24,7
30,9
49,9
18,7
30,10
51,9
52,10
52,9
23,9
23,6
36,9
19,7
53,9
17,7
69,9
46,13
33,9
40,10
56,10
29,14
41,10
22,9
28,4
31,13
35,13
38,10
17,6
39,6
27,10
50,9
56,9
80,9
38,10
52,9
26,13
43,9
45,13
41,11
30,12
24,10
43,10
44,13
54,9
23,13
33,9
18,7
38,10
41,11
22,8
66,4
70,9
58,6
60,14
24,6
61,7
35,13
19,10
52,9
38,13
39,9
33,13
52,9
41,9
37,10
38,13
27,10
38,14
38,13
49,9
38,13
22,9
40,12
20,9
34,16
24,14
58,13
24,10
43,9
38,9
42,9
27,10
18,6
37,9
48,9
40,4
50,13
57,9
36,10
41,9
90,4
66,4
34,9
23,9
35,9
32,9
33,13
32,11
31,10
32,10
40,9
27,9
34,9
35,11
29,10
41,9
33,16
22,9
52,13
20,9
18,7
63,13
49,4
58,9
23,9
59,9
49,10
23,13
17,6
20,7
36,11
64,10
34,10
63,12
51,9
40,10
55,5
35,9
30,13
47,13
29,6
17,7
32,15
55,13
47,10
50,13
42,9
32,10
60,12
53,9
58,13
45,13
31,9
32,9
37,10
28,10
26,8
47,9
34,10
42,9
48,13
32,9
35,11
46,16
38,10
49,9
35,13
61,9
45,12
31,13
52,10
20,10
64,7
20,10
24,14
29,11
23,13
34,9
54,14
21,10
23,13
79,4
55,14
42,9
60,9
37,12
47,9
20,10
53,13
34,9
43,10
24,10
23,9
29,11
58,10
55,12
40,14
43,10
25,14
23,13
34,9
26,10
60,16
39,9
21,9
45,9
33,10
26,13
39,10
29,12
29,10
52,7
34,13
24,9
77,16
34,14
53,5
31,9
58,9
50,14
32,9
57,9
32,9
77,5
37,10
51,9
33,12
53,9
32,9
30,10
19,10
33,13
31,11
28,10
19,8
27,9
21,3
24,13
46,9
31,13
60,10
21,6
38,7
31,11
26,13
46,9
25,9
23,10
53,14
42,14
29,9
45,10
70,13
55,13
40,16
17,6
18,9
34,14
41,10
28,13
23,9
32,10
56,4
36,9
26,9
62,13
35,12
25,13
28,9
21,10
31,6
23,12
58,13
55,14
54,9
33,9
28,7
40,7
33,13
27,15
55,9
53,9
23,8
66,9
34,11
39,6
21,10
26,10
21,9
59,9
61,6
30,13
22,11
47,9
50,9
67,13
59,6
35,12
56,10
28,9
34,9
63,6
48,10
41,10
26,10
47,6
29,11
30,9
19,9
27,13
59,9
19,9
45,5
37,9
44,16
34,13
30,13
30,13
56,7
19,9
37,4
45,14
21,10
34,9
27,13
44,14
33,13
32,10
37,10
26,13
49,9
20,10
37,10
22,3
44,13
30,9
55,9
36,7
29,8
19,10
45,11
38,13
42,10
27,11
20,10
43,13
21,9
33,13
36,9
34,8
72,4
54,10
30,9
63,9
36,13
25,13
72,12
55,9
44,10
41,9
20,10
47,12
71,10
41,13
35,9
18,9
23,9
57,13
56,2
25,10
64,11
35,13
61,11
36,13
18,8
21,10
43,12
32,9
52,8
48,9
40,13
35,9
22,10
42,9
60,4
34,10
27,12
47,13
65,5
61,14
18,10
49,9
48,16
26,10
30,13
68,9
23,9
65,9
32,13
44,14
48,14
24,11
58,10
32,10
54,14
35,14
35,12
24,9
50,9
38,9
57,9
38,10
49,9
25,13
56,10
32,7
22,13
23,10
33,9
42,10
62,9
24,5
26,13
46,10
33,13
65,9
65,9
46,10
43,11
43,9
35,6
48,9
55,13
45,11
56,13
59,14
56,9
21,9
26,7
38,9
27,10
48,4
37,14
63,9
27,9
20,10
26,14
21,6
51,12
28,12
39,11
35,14
21,10
65,4
54,11
39,4
24,10
36,13
70,10
52,9
64,9
43,10
44,11
47,9
32,8
20,10
33,10
52,9
49,4
31,9
62,9
44,10
28,9
68,14
40,10
46,4
22,9
37,13
62,14
37,13
35,9
44,9
41,11
36,13
26,13
48,9
21,9
39,15
38,11
44,11
56,6
25,5
32,13
47,10
26,10
31,13
23,11
41,10
55,10
23,10
45,9
42,13
29,10
48,14
36,10
52,13
46,11
34,10
27,12
18,9
18,10
42,4
64,10
36,14
20,7
52,15
44,13
53,10
36,13
27,13
52,9
60,14
41,12
64,15
25,2
63,4
54,11
21,9
27,13
63,14
37,9
22,9
54,4
54,6
60,9
19,7
25,9
51,9
47,9
44,6
18,10
57,9
22,10
36,10
33,9
39,10
49,16
41,9
35,10
40,12
30,13
25,9
25,10
37,14
53,15
34,12
22,9
18,9
52,14
45,9
19,10
33,13
45,10
43,13
40,9
41,13
25,9
22,13
52,10
45,10
32,16
26,13
24,10
37,9
49,9
43,14
35,9
37,15
17,7
48,9
40,14
26,10
35,13
21,10
54,6
40,13
51,10
60,9
22,10
20,9
21,7
21,10
43,10
36,13
65,9
48,9
37,14
20,8
41,9
55,5
39,13
41,10
80,11
59,6
52,7
39,13
56,10
69,9
49,13
33,9
28,9
49,10
51,9
42,10
66,9
44,11
26,9
43,10
28,6
25,13
17,7
52,13
34,9
24,10
41,13
65,10
36,10
19,9
43,10
39,14
48,7
50,11
21,10
36,9
33,9
50,13
49,14
34,13
70,16
39,9
44,10
32,13
40,5
46,9
21,10
40,13
47,7
19,9
22,10
20,10
46,13
41,13
17,6
41,9
28,9
20,10
24,9
33,10
44,10
26,9
47,11
24,9
58,13
41,9
38,4
21,10
33,10
23,10
40,6
47,9
41,13
38,13
50,4
45,9
65,13
33,9
34,12
65,14
24,7
26,13
55,9
66,13
43,13
37,13
22,9
21,7
69,15
27,14
48,9
24,13
18,7
53,9
26,9
60,10
21,10
39,3
45,10
76,9
19,10
34,10
54,10
23,13
44,4
27,10
23,8
37,9
41,9
21,10
37,9
63,9
35,7
47,5
41,10
50,9
26,9
36,10
47,10
51,10
41,9
40,15
32,13
37,13
40,13
56,13
50,9
28,5
28,9
19,7
44,9
42,15
47,10
31,10
61,7
21,10
26,13
58,9
35,13
35,11
29,12
40,14
33,13
38,10
50,11
66,10
36,10
33,7
55,14
46,9
36,12
41,8
30,9
29,8
60,10
24,9
42,10
26,9
37,13
27,3
26,9
23,11
60,14
49,9
46,10
21,9
48,15
70,5
44,14
58,13
41,12
54,4
42,14
28,6
65,7
35,9
82,3
48,10
44,16
68,14
42,9
24,9
54,10
22,10
43,10
17,5
46,9
59,10
37,9
70,9
57,9
47,9
31,9
23,9
17,8
63,1
44,15
30,15
23,10
44,14
24,10
34,10
37,10
24,7
32,9
42,9
20,10
34,10
37,10
47,9
25,5
36,9
60,9
64,9
32,13
33,6
71,13
55,10
85,9
57,4
39,15
25,10
58,10
57,9
30,11
19,7
40,10
28,9
43,13
40,9
19,9
24,9
34,13
22,9
64,11
55,4
26,7
80,9
79,16
58,13
43,13
43,9
46,9
35,9
51,11
52,14
43,13
68,10
34,13
37,13
22,9
32,9
65,6
28,10
37,9
40,13
40,7
52,9
35,10
62,3
49,11
49,9
47,13
45,9
37,2
36,11
36,6
44,13
51,14
25,10
28,9
57,9
46,9
59,6
28,7
25,9
35,9
27,12
29,13
43,9
38,9
26,10
55,14
36,9
37,10
23,9
34,9
41,7
44,11
48,11
35,9
43,13
57,13
44,9
28,9
55,6
52,9
30,9
31,16
21,10
50,15
43,13
33,9
23,11
35,13
18,10
21,10
33,13
30,13
21,10
36,13
38,10
33,14
24,11
24,10
39,10
43,9
43,13
62,14
30,13
25,7
45,9
22,10
73,13
26,10
24,9
18,8
35,13
22,10
28,10
38,10
68,16
40,9
32,10
42,9
31,9
33,13
54,13
63,9
67,13
47,9
67,13
33,9
33,9
25,13
25,10
35,10
54,9
35,9
18,7
54,9
30,7
29,6
41,13
40,12
46,10
39,12
42,13
49,13
23,10
34,4
42,9
31,10
72,9
31,11
90,14
27,13
18,9
30,9
27,9
27,7
28,9
40,9
43,14
26,9
48,11
41,12
32,9
23,9
35,7
42,10
27,13
34,9
25,13
46,13
34,10
39,9
33,9
25,13
45,11
46,13
23,9
37,10
39,14
38,9
35,10
49,13
37,12
45,9
71,8
44,13
19,10
38,11
42,9
29,11
48,7
56,11
32,9
19,9
57,10
55,6
48,7
46,8
36,5
66,13
26,9
58,11
62,13
31,13
77,11
25,9
38,13
33,13
51,10
20,11
40,9
20,6
41,10
44,8
35,9
35,9
46,10
24,10
18,10
37,9
58,16
55,11
68,9
41,13
50,14
48,9
42,10
45,9
43,10
37,10
43,13
36,9
60,9
27,9
36,13
47,12
33,10
19,8
33,13
34,13
33,9
57,10
59,14
36,9
60,12
33,11
41,13
20,10
28,13
24,14
31,8
38,9
40,13
55,13
49,9
33,9
52,3
24,13
46,13
20,10
50,3
22,9
32,10
46,9
62,9
39,10
26,10
20,10
37,10
40,10
22,10
32,13
41,10
24,12
40,9
37,15
42,14
56,5
20,10
55,9
29,9
37,9
61,13
26,13
49,10
18,4
30,5
24,9
24,9
37,9
37,9
36,10
40,9
44,9
43,9
19,10
50,14
17,6
39,9
43,9
43,9
40,14
31,10
25,13
30,13
55,5
55,4
29,10
28,13
30,9
33,9
23,9
71,7
22,10
21,10
62,9
22,10
49,9
31,12
27,12
27,14
26,10
30,10
17,6
26,10
45,9
50,9
31,9
51,12
56,5
24,13
29,8
26,10
51,10
32,9
47,13
30,9
41,7
49,10
40,10
62,9
43,13
76,3
40,14
35,13
27,9
54,13
55,9
21,10
20,10
39,9
26,13
20,9
28,9
56,10
39,8
44,13
55,9
54,9
30,13
34,9
42,9
50,10
34,10
23,11
27,13
81,13
47,7
57,3
65,11
33,14
37,9
53,13
27,13
47,9
42,12
39,10
58,13
20,9
19,9
39,9
51,9
52,9
53,10
50,10
36,9
30,13
30,10
50,9
76,4
46,13
24,10
26,9
56,15
50,13
22,10
23,13
51,9
58,6
38,5
45,10
55,9
45,10
42,10
44,13
60,13
27,10
25,10
61,13
43,9
44,11
63,4
46,14
47,10
37,10
43,9
46,14
48,6
61,12
53,9
79,4
44,9
54,9
22,10
47,9
18,9
25,6
24,10
37,13
51,10
35,9
59,10
46,10
45,11
19,9
22,9
41,13
33,9
26,9
22,10
29,9
22,9
34,12
23,8
20,9
25,13
59,9
44,10
55,10
77,10
42,14
47,9
42,10
45,10
23,9
60,5
23,10
52,9
49,9
20,10
20,9
23,9
30,10
45,9
30,15
17,5
22,9
25,13
52,10
40,10
18,6
58,9
30,9
59,6
29,10
26,11
39,13
33,13
21,10
22,10
25,10
19,10
44,10
35,9
40,9
19,7
37,9
32,11
52,9
36,9
38,10
57,13
22,10
80,9
20,10
40,7
36,13
27,9
52,9
43,9
35,9
29,9
27,10
24,9
49,14
26,10
47,9
20,10
19,9
34,14
20,9
23,7
25,13
21,9
25,9
63,10
25,13
28,9
39,14
28,10
30,13
41,11
52,12
36,9
47,13
27,5
32,10
52,9
50,9
21,10
60,9
47,7
54,9
32,14
61,10
21,9
29,10
36,9
38,9
59,6
43,10
19,7
42,13
33,10
47,9
51,9
28,10
61,10
23,13
31,5
38,7
21,5
22,9
35,14
53,13
40,9
36,9
33,9
23,9
51,9
31,9
28,9
26,13
32,13
43,13
19,9
46,7
49,16
31,6
45,13
41,3
22,10
25,13
46,15
44,10
25,9
30,13
54,13
34,13
34,9
30,13
21,11
27,13
29,10
60,10
36,14
27,14
57,10
24,2
63,10
29,13
34,13
27,9
31,11
31,13
55,10
64,9
20,9
44,9
35,7
41,10
38,10
21,10
64,13
42,4
31,10
42,12
35,12
36,10
23,8
20,10
26,13
56,13
40,12
19,7
33,9
45,12
41,9
29,9
46,14
48,12
38,9
29,10
35,9
59,13
27,9
43,10
70,13
30,9
24,10
76,9
25,9
39,12
36,13
23,8
60,4
20,10
54,2
20,10
22,9
24,13
41,9
35,10
23,3
54,16
17,7
43,9
33,8
30,15
38,10
54,9
39,9
32,10
61,4
24,11
22,13
34,9
18,6
20,9
53,9
32,10
68,10
28,10
28,10
54,10
21,10
52,13
25,10
30,14
33,10
49,13
58,4
45,11
67,4
42,13
69,9
61,9
34,10
28,10
19,9
31,10
32,10
76,15
53,12
46,9
43,4
48,9
39,10
59,4
19,10
40,10
63,6
44,10
46,10
22,6
36,12
57,10
58,9
25,13
59,10
36,9
29,14
49,13
42,12
43,10
46,9
43,10
40,12
43,8
48,9
26,9
30,11
58,10
43,9
53,9
74,10
64,10
45,13
32,3
23,6
38,10
42,13
24,10
63,9
25,10
37,10
28,9
31,10
46,15
44,13
42,14
45,16
52,13
40,13
26,9
55,13
17,6
27,10
71,10
35,13
17,6
26,9
22,10
51,13
33,10
41,12
50,14
26,9
21,9
53,9
32,9
19,10
22,13
58,9
47,13
51,10
42,13
28,13
29,9
50,9
22,10
47,10
60,10
46,9
58,13
62,10
47,14
59,9
41,9
31,9
18,9
64,9
51,9
47,13
68,13
32,9
39,5
37,12
29,9
44,9
46,15
40,5
19,9
65,9
52,13
40,13
61,5
30,9
61,7
33,11
32,13
32,12
32,13
37,9
53,7
51,14
29,11
48,9
69,9
28,14
55,13
45,11
18,10
60,4
38,9
19,10
18,7
33,10
33,10
29,14
37,10
50,9
19,10
28,6
43,13
23,10
47,4
21,10
19,10
47,13
36,14
62,13
65,9
46,15
35,7
50,5
20,10
17,7
33,10
57,10
53,13
47,13
62,14
35,9
27,13
23,9
27,14
39,11
25,13
24,10
23,9
29,13
30,13
34,9
32,6
18,7
20,11
38,13
18,8
41,5
21,11
36,9
61,10
30,10
26,10
27,13
45,9
47,9
19,10
29,9
51,9
34,12
42,9
26,3
20,10
43,12
20,10
27,9
46,10
39,9
33,10
42,11
23,9
29,13
27,9
43,9
23,10
40,14
35,10
30,9
59,7
65,10
28,14
79,13
43,14
54,4
27,9
30,13
22,13
34,9
18,7
40,11
28,5
18,9
46,10
23,9
77,10
41,14
48,10
29,13
41,7
41,5
34,12
49,12
49,9
30,9
28,13
62,13
41,10
20,10
61,1
30,13
29,15
50,14
44,9
25,13
62,11
57,10
35,13
26,13
60,4
22,10
62,14
26,9
26,10
44,13
32,13
66,13
24,1
19,10
54,13
37,9
38,13
37,13
22,10
34,10
35,9
42,14
47,13
29,13
34,9
38,13
62,9
35,9
37,9
47,9
37,10
22,11
60,7
31,10
74,6
63,9
30,7
44,9
40,15
35,10
50,10
18,10
33,11
59,4
17,7
47,9
51,10
26,13
32,10
55,9
36,10
54,9
19,9
32,14
52,16
39,9
39,9
59,9
55,13
54,9
31,9
19,7
30,9
47,13
31,12
32,13
33,11
31,9
32,9
46,9
29,9
41,9
39,9
34,9
23,13
53,14
45,9
34,13
47,9
24,4
42,14
53,10
38,9
26,9
18,7
43,6
26,13
47,13
26,11
21,10
32,10
48,16
39,14
58,13
55,4
40,9
33,9
74,16
49,9
56,7
29,13
25,12
57,8
29,9
28,9
59,9
30,13
28,9
19,10
40,10
28,10
48,13
20,10
58,13
19,10
75,9
24,13
31,9
28,9
41,9
23,10
46,9
33,8
34,10
47,13
81,9
45,9
35,9
59,13
46,13
39,9
23,10
25,12
37,2
49,10
25,9
32,13
34,10
40,13
33,9
78,4
31,13
61,10
22,9
29,11
37,9
35,7
52,14
37,9
18,7
37,6
46,15
25,7
47,13
55,13
32,10
25,10
50,9
18,8
25,5
23,13
51,9
47,9
37,9
37,10
27,3
19,7
52,8
25,11
17,8
21,9
41,11
55,9
20,6
24,10
41,13
23,10
33,9
29,13
50,10
37,7
48,11
19,10
40,10
30,9
65,7
44,13
32,13
41,10
28,4
44,11
39,12
59,9
31,14
34,9
20,9
33,13
52,16
31,12
39,9
35,9
37,9
44,15
28,12
17,7
23,13
35,9
19,10
30,9
27,13
29,9
27,11
37,9
44,11
34,13
43,9
41,9
34,9
23,10
51,9
24,12
38,9
24,9
53,16
33,10
24,9
45,14
31,7
38,10
28,13
38,11
25,13
29,10
29,9
48,9
24,11
31,9
36,10
62,13
25,13
55,9
21,10
60,5
41,12
43,9
30,9
47,10
50,9
41,9
23,9
38,4
30,12
35,9
25,10
61,15
71,9
35,9
35,9
38,9
27,11
51,2
55,12
45,13
33,11
25,10
52,16
46,10
34,10
52,13
47,10
46,13
36,10
69,4
34,10
36,9
31,9
31,9
38,13
57,10
24,12
37,9
69,10
39,14
38,11
34,9
21,9
21,10
61,9
35,9
29,10
18,6
41,9
42,8
52,14
38,8
51,9
55,9
20,10
23,10
24,12
48,13
22,9
22,10
28,10
28,14
34,13
25,9
48,9
32,9
31,5
65,9
56,10
22,11
27,13
27,9
30,14
33,10
50,13
19,10
42,9
37,9
26,9
32,8
43,10
47,9
26,13
24,10
34,7
33,9
35,14
57,9
45,9
42,10
25,13
56,9
25,9
23,13
35,10
28,5
41,12
26,9
37,9
22,9
30,13
42,13
38,11
49,1
27,13
43,9
68,10
41,9
25,9
23,13
68,13
17,6
45,13
45,11
30,10
49,10
42,10
29,9
21,10
20,10
59,7
26,6
25,14
33,9
35,9
45,9
66,10
67,3
33,12
38,9
72,9
21,10
39,10
41,9
22,10
49,10
24,13
25,7
26,10
50,9
23,9
41,6
60,9
67,9
77,13
62,10
22,10
37,10
17,7
52,14
31,9
23,13
27,9
38,10
23,6
22,10
61,9
55,3
23,10
39,3
38,16
25,10
25,13
66,10
30,10
32,9
43,10
18,4
20,7
20,9
34,14
33,12
40,9
33,9
30,9
41,1
20,10
40,13
44,13
50,3
38,15
30,9
45,10
25,13
22,10
25,10
63,13
55,9
26,10
22,10
41,9
21,11
39,9
82,11
18,7
60,7
22,10
39,10
34,9
50,14
53,10
27,9
37,10
25,9
33,10
34,13
35,11
51,10
33,6
57,9
25,10
56,4
34,13
36,13
46,9
55,9
88,15
60,10
40,14
21,10
46,9
56,16
36,9
67,10
35,10
20,10
34,9
23,9
19,9
19,10
25,10
53,9
18,10
31,9
33,4
33,10
45,15
35,10
20,9
36,7
36,9
51,9
45,14
45,15
24,3
28,11
63,7
35,9
25,13
36,11
44,9
49,9
52,2
27,13
35,10
51,13
49,4
35,13
28,10
37,10
65,13
24,13
30,12
38,9
58,9
57,14
40,13
42,10
31,9
17,8
42,10
25,14
40,10
65,15
29,14
31,13
71,14
34,13
25,9
40,9
67,10
40,9
18,9
38,13
38,7
42,9
36,9
23,2
56,9
36,10
22,10
39,8
36,15
44,10
38,7
19,10
37,6
57,9
54,8
18,10
22,10
63,4
38,9
26,7
40,7
20,9
39,6
28,9
30,10
42,9
42,9
21,9
40,10
36,7
67,10
65,10
50,13
18,6
31,9
36,10
20,9
34,9
24,9
38,9
17,6
52,9
34,14
30,9
49,15
45,5
46,13
34,13
21,8
17,7
23,10
32,10
22,10
48,9
27,13
43,14
44,9
55,10
31,9
34,9
34,9
37,13
21,10
35,11
28,10
62,9
40,10
34,13
32,14
70,10
23,9
30,9
57,9
34,15
24,6
41,13
38,4
48,12
43,13
18,10
35,13
42,9
30,10
42,13
48,10
70,9
37,5
51,11
35,9
59,13
57,13
26,9
26,3
19,9
34,9
56,13
25,13
46,15
22,9
32,11
72,10
36,9
28,9
76,5
37,9
42,13
44,10
33,10
53,16
28,10
69,13
20,10
33,10
47,9
50,9
22,10
20,9
42,13
23,9
24,9
32,10
41,13
35,9
40,14
25,10
34,16
23,11
30,14
55,14
26,14
42,9
39,14
52,9
42,10
25,13
27,13
30,4
23,13
47,13
58,13
18,9
52,10
24,9
58,9
35,9
31,11
46,10
43,14
21,9
52,10
24,13
22,9
39,10
34,9
58,13
26,13
29,9
67,13
28,12
62,10
54,3
36,10
18,8
25,11
48,10
56,6
30,15
41,9
59,9
36,7
30,9
27,9
19,9
30,13
47,11
39,9
31,9
44,12
37,9
28,10
38,9
26,9
44,10
40,10
53,9
31,10
18,9
43,9
30,9
19,9
36,9
19,10
25,14
36,7
22,10
42,13
33,10
38,9
21,10
33,9
52,9
30,10
18,10
24,10
17,6
48,10
66,4
46,10
55,9
28,13
33,9
44,9
43,9
42,10
39,11
23,6
20,10
29,10
54,10
34,11
30,13
59,7
40,4
37,9
45,9
55,14
49,10
67,14
49,12
30,9
56,10
29,10
33,9
25,10
28,11
23,9
39,9
37,13
39,14
32,13
26,13
57,10
36,5
30,13
27,9
21,10
22,9
43,9
20,10
30,9
57,14
42,11
29,11
44,9
28,12
42,9
26,13
29,10
42,13
30,9
21,10
59,9
21,10
56,9
39,1
21,10
48,13
35,9
43,13
23,11
17,6
41,13
35,14
22,10
53,9
42,10
36,9
44,13
27,13
39,9
59,5
34,10
17,8
31,9
59,10
39,10
46,13
31,9
27,13
18,7
46,10
55,13
48,13
53,9
44,13
43,10
50,9
56,4
27,9
20,9
18,6
34,9
38,10
40,13
55,10
35,9
26,9
54,13
22,9
52,9
33,6
42,14
19,9
45,10
53,9
46,9
25,10
90,13
33,9
45,10
47,9
38,14
35,15
37,9
53,14
56,13
18,7
44,9
50,10
26,13
36,10
37,7
32,13
38,12
62,9
46,9
41,9
37,9
27,10
38,12
35,8
34,13
50,9
28,10
67,13
34,10
19,10
23,9
50,9
45,14
17,8
59,9
25,9
21,10
50,15
17,6
63,9
31,14
45,9
25,9
20,8
31,10
42,16
56,10
47,9
69,9
42,13
19,9
56,10
33,13
61,14
38,9
50,9
39,10
35,9
27,10
40,10
59,16
20,10
42,9
59,10
54,16
38,10
53,13
20,10
54,10
41,14
33,9
35,9
22,9
45,13
29,14
56,14
23,13
30,9
17,7
35,10
25,2
42,11
42,9
19,9
32,12
44,10
53,10
47,13
24,10
30,10
42,9
19,9
37,7
26,6
25,9
52,10
50,9
40,15
32,9
37,9
42,14
47,9
47,10
28,13
27,13
61,9
47,3
30,12
54,9
56,15
69,10
30,9
36,10
42,7
45,13
39,13
26,7
28,13
31,14
32,3
51,9
29,9
38,14
64,10
26,10
68,3
32,9
29,10
51,2
21,9
26,6
33,13
26,9
52,9
31,9
29,9
19,10
51,9
45,5
20,9
40,10
43,16
52,10
46,10
24,9
20,5
38,13
44,13
24,13
32,15
49,4
36,14
31,9
46,3
46,10
46,10
29,9
37,9
44,4
28,10
28,13
48,9
52,7
19,9
31,13
47,13
37,9
22,10
46,12
51,9
50,14
38,4
40,9
58,10
36,9
26,13
17,8
49,6
39,14
46,13
26,9
40,14
53,16
60,10
28,9
22,10
31,9
45,9
34,9
27,14
40,10
68,9
51,9
55,9
43,12
23,13
48,9
42,10
51,9
32,9
34,10
31,9
71,4
17,6
37,9
26,8
17,7
34,13
46,7
33,9
41,14
59,6
50,9
46,9
45,14
27,9
31,13
32,9
28,9
32,13
36,12
39,11
23,9
44,9
37,10
36,4
45,7
43,9
49,15
37,9
26,9
34,15
51,10
24,10
67,13
40,9
32,9
21,10
39,10
33,7
48,9
21,10
68,11
24,9
24,7
23,13
40,9
48,13
42,9
45,13
31,9
53,11
25,13
32,10
34,7
41,13
57,9
25,6
40,10
17,7
17,5
82,10
40,12
26,10
37,10
25,6
65,6
39,13
36,9
37,9
23,9
34,9
63,13
59,9
49,10
62,5
17,7
28,6
45,13
40,13
45,9
20,5
19,6
59,13
41,9
49,10
37,11
31,9
21,10
27,13
20,9
51,9
46,2
48,10
39,14
50,12
41,9
21,10
54,12
40,9
44,9
50,9
42,10
34,9
46,10
35,9
38,12
37,15
30,9
22,13
21,9
40,1
56,9
48,5
21,11
52,7
60,14
45,16
30,9
31,9
43,9
36,5
42,15
28,14
62,15
65,9
45,11
47,13
43,12
24,10
44,9
25,9
21,10
29,11
21,10
41,15
64,13
55,10
42,9
63,9
21,10
28,11
45,9
21,9
34,14
53,8
45,9
47,9
41,7
35,13
43,14
53,2
34,10
46,11
59,12
53,13
33,4
45,9
48,14
42,10
55,9
46,9
17,7
23,10
21,9
53,9
61,9
58,9
36,9
45,10
39,13
39,13
48,16
41,13
30,12
50,12
51,9
23,10
41,10
47,9
51,13
60,9
51,13
20,10
29,9
42,10
32,9
19,8
34,11
48,9
38,10
38,15
40,13
39,14
38,14
26,13
23,10
20,3
49,13
23,9
47,13
43,10
56,10
60,7
29,9
25,13
39,11
37,11
38,13
47,9
50,15
64,9
35,10
25,7
42,13
51,13
21,9
53,14
29,11
34,15
37,14
20,8
18,10
57,10
47,11
27,10
23,11
36,13
48,9
40,10
51,13
59,5
32,10
39,10
32,9
38,9
44,13
51,9
54,9
22,10
19,9
31,12
53,9
28,13
19,9
40,10
21,10
39,13
40,14
36,9
18,5
32,13
50,9
18,7
19,9
53,10
49,9
40,13
31,10
47,9
35,10
47,10
43,14
51,10
54,14
76,5
33,4
19,8
49,11
26,9
23,10
49,9
24,10
48,9
36,10
33,8
31,13
53,13
22,13
43,9
31,12
53,14
36,13
47,9
52,10
39,9
24,13
17,6
53,14
21,10
29,13
34,13
28,10
61,13
20,9
47,9
40,13
26,10
53,10
26,13
39,15
17,7
46,16
34,13
45,13
23,9
41,9
26,13
28,13
18,7
38,9
66,11
28,13
49,14
29,13
43,14
34,14
30,11
25,13
27,13
25,9
22,10
26,9
49,9
44,9
37,12
39,13
33,9
41,14
65,13
40,13
26,13
31,10
28,10
71,9
25,13
25,4
19,10
36,15
56,9
34,10
39,13
31,15
22,9
44,10
60,9
65,7
44,10
53,9
28,9
41,13
40,9
35,7
41,5
28,9
53,9
26,10
28,9
27,10
27,9
26,9
53,9
34,9
50,14
30,9
47,9
27,9
55,10
21,10
35,10
31,8
39,14
30,13
39,9
19,10
25,9
57,9
21,10
30,4
25,10
32,11
26,9
42,10
39,10
48,13
24,10
46,11
53,10
36,10
34,9
25,9
33,10
45,13
31,12
21,9
33,5
44,10
34,11
30,10
32,10
46,9
29,13
20,10
35,9
35,9
29,9
21,9
43,13
33,9
61,15
42,14
33,8
35,10
32,9
22,10
61,9
28,11
24,9
58,14
42,9
56,10
26,10
25,9
59,9
65,13
57,14
36,12
42,10
18,8
18,7
28,9
20,9
19,10
28,13
37,11
23,10
60,10
17,8
37,13
29,11
34,9
36,10
37,10
47,13
22,9
61,9
57,3
33,16
54,9
40,14
40,8
40,9
35,7
32,7
49,10
31,9
58,13
26,13
35,4
25,10
43,8
32,10
45,13
48,9
31,3
20,10
28,9
50,13
22,9
19,10
38,13
23,9
24,13
26,11
45,9
88,10
19,7
24,9
84,3
48,6
46,10
31,9
58,9
35,9
36,9
36,15
47,14
57,5
30,10
30,14
19,8
30,13
23,10
41,15
52,10
27,12
59,9
21,9
60,9
69,15
24,9
19,9
60,12
64,10
39,11
51,12
51,6
25,10
17,6
37,10
74,9
26,13
23,9
57,15
20,7
37,9
46,13
39,10
40,9
50,9
25,1
44,9
41,9
30,9
38,11
54,6
40,9
37,7
46,13
38,9
20,10
71,12
35,10
62,13
34,13
56,9
30,14
17,7
18,7
35,7
21,9
46,9
33,10
27,10
36,10
42,4
35,9
25,13
47,13
44,15
51,9
53,9
47,9
20,7
32,10
28,9
58,3
52,9
35,14
30,10
33,10
56,13
21,10
56,10
56,13
45,13
20,10
62,9
24,13
52,13
23,9
36,14
40,10
30,10
41,5
59,9
27,14
19,10
41,10
27,13
50,9
29,3
38,13
30,9
48,13
39,12
40,11
27,7
59,14
31,9
34,9
47,15
64,2
29,5
38,9
42,13
49,13
53,10
35,10
70,13
38,9
36,13
34,13
24,13
23,10
21,10
47,10
59,4
33,12
63,10
18,9
32,13
33,13
19,9
27,9
40,10
38,12
20,9
35,9
22,10
40,14
34,10
23,6
26,13
53,10
34,10
39,9
25,5
18,7
65,13
49,13
64,6
68,13
56,10
68,9
35,13
50,9
45,9
43,13
39,10
37,9
45,13
20,10
36,12
26,10
36,13
47,13
34,9
53,10
32,13
44,3
25,9
35,3
34,12
42,10
47,9
23,9
56,9
50,16
38,9
46,11
47,12
38,9
42,9
48,9
27,9
40,11
53,16
75,11
39,13
46,12
51,9
34,9
23,10
32,11
45,10
21,10
36,9
40,6
20,6
68,5
40,13
20,10
48,14
27,13
57,11
54,9
47,9
30,10
17,7
35,10
56,8
20,9
38,13
19,10
24,9
31,10
44,13
21,10
41,10
18,7
23,5
37,10
46,11
43,13
31,2
40,10
27,15
64,10
31,11
48,14
37,13
28,10
42,10
60,4
17,7
21,10
46,6
18,9
22,9
44,13
36,9
65,11
26,9
21,6
41,9
28,10
27,10
19,10
40,10
19,9
40,11
37,9
33,10
34,9
44,12
33,10
72,9
19,9
59,11
40,9
35,9
22,12
41,14
59,10
50,8
21,12
40,9
22,9
43,3
17,7
42,4
37,10
19,8
43,3
46,5
18,9
50,15
47,4
31,9
33,4
27,9
59,9
39,9
29,10
26,13
24,9
25,10
30,10
52,7
51,14
30,13
19,10
23,10
37,16
25,10
49,15
30,9
40,10
20,9
35,11
24,13
32,9
35,9
20,9
29,9
25,9
50,4
24,9
49,13
30,9
37,10
50,9
20,9
49,9
55,4
61,8
22,9
23,12
43,9
39,13
21,10
52,9
30,11
42,13
50,13
51,12
47,6
49,5
45,9
48,10
36,13
20,10
61,9
72,13
19,10
54,13
47,10
39,9
24,7
44,10
19,9
20,9
23,9
58,9
20,8
62,9
25,9
67,13
37,12
36,9
38,11
23,9
28,9
25,9
41,16
63,13
60,9
31,9
29,9
37,13
51,5
45,10
27,9
18,10
34,9
66,16
19,10
36,9
35,13
27,9
29,10
25,9
22,10
41,10
20,12
52,9
34,10
44,15
50,14
49,13
36,13
71,15
20,9
20,10
59,9
41,3
38,10
55,9
17,5
45,13
43,9
19,8
33,9
63,9
39,9
34,9
31,12
21,8
23,11
20,10
45,13
59,9
58,14
66,9
37,11
29,10
32,13
39,13
57,9
57,14
50,9
44,13
56,11
26,14
22,10
26,11
33,13
36,11
45,10
56,16
23,10
23,10
35,13
39,13
45,9
21,10
56,9
31,9
44,8
21,10
31,9
20,9
17,7
44,9
19,10
71,9
23,10
21,9
29,14
33,10
46,9
21,10
36,10
70,14
19,9
29,10
34,12
26,10
30,13
34,10
24,13
28,9
24,10
76,13
19,8
45,6
24,10
37,13
24,13
24,13
40,9
20,10
23,7
25,10
64,12
53,14
28,10
52,14
28,15
31,12
77,13
22,9
17,7
38,13
45,7
25,10
50,9
53,9
24,9
33,9
57,14
39,15
30,10
31,9
39,10
30,13
48,10
62,14
39,9
34,9
45,14
32,7
40,10
17,6
19,6
25,9
42,10
66,13
63,9
43,4
26,9
23,9
39,15
47,9
36,9
35,9
25,9
21,10
46,9
43,6
31,16
41,9
50,9
36,7
31,9
45,4
50,7
52,4
40,16
55,13
64,6
51,15
30,10
56,14
35,9
55,6
30,9
34,9
36,11
43,9
24,10
30,6
33,11
32,12
29,13
50,9
18,7
20,7
45,14
22,10
45,15
41,9
42,4
24,13
22,9
28,9
23,10
21,4
23,13
45,10
41,9
49,9
38,10
37,9
70,13
24,9
28,13
24,11
83,6
69,16
37,9
28,13
54,10
71,9
56,9
27,13
42,14
21,9
29,11
27,4
32,13
31,10
38,10
55,16
48,9
58,9
23,10
28,10
49,10
51,9
23,9
40,9
59,9
47,13
37,9
39,12
43,10
40,11
48,6
29,5
48,10
37,13
19,9
28,6
56,3
45,9
60,10
53,14
37,9
31,9
29,11
31,9
39,9
31,13
42,13
17,7
19,9
24,13
62,9
34,2
47,14
58,13
23,11
33,9
76,9
40,9
28,4
41,10
46,9
22,10
29,11
26,9
31,13
22,9
41,10
29,9
60,11
72,9
41,10
19,10
25,13
24,13
59,5
17,7
59,13
69,10
25,10
50,9
29,9
43,9
29,10
29,10
32,10
17,6
50,9
43,10
41,9
32,13
54,14
65,9
18,9
70,10
53,14
37,13
21,10
20,9
47,9
26,9
31,15
45,10
35,9
55,13
49,14
33,9
30,15
19,10
48,13
41,10
29,13
47,14
53,14
19,10
71,9
29,10
43,10
23,13
52,10
56,13
28,6
44,13
37,13
30,11
31,9
20,10
64,9
45,9
40,10
19,9
54,13
61,16
18,7
62,9
33,11
51,9
54,9
24,10
54,10
42,13
51,14
41,10
47,12
31,10
21,11
52,10
20,10
18,9
58,9
23,9
21,10
43,11
53,9
18,9
44,13
31,13
48,2
55,14
24,10
41,14
35,9
47,11
54,10
40,13
56,10
23,11
34,9
27,9
32,13
72,10
43,8
32,12
53,10
18,8
38,6
41,11
29,9
70,10
46,13
47,10
56,10
28,9
55,15
50,13
47,7
42,9
22,10
42,3
42,10
46,9
45,10
55,9
57,13
25,8
43,9
34,13
27,13
25,9
37,10
48,10
38,9
17,6
70,11
37,9
45,9
56,9
64,9
35,10
23,9
42,9
23,10
26,10
56,9
41,13
47,3
21,10
29,9
32,10
72,5
69,15
19,10
25,13
56,10
42,14
58,13
24,13
41,11
40,6
37,9
25,12
43,13
36,9
41,9
31,13
22,9
36,11
42,6
29,9
25,9
23,13
34,9
27,9
32,13
33,10
38,13
21,10
39,11
50,13
32,10
40,9
58,10
20,9
63,9
56,13
30,13
39,10
25,12
33,9
41,13
50,10
44,10
27,13
27,13
58,3
25,10
31,9
39,9
55,11
22,11
44,12
41,11
44,8
61,4
32,11
35,13
28,10
57,13
32,16
46,4
26,9
43,9
62,9
60,14
67,9
19,9
55,9
48,6
19,9
19,10
43,9
31,16
65,10
32,9
36,14
41,9
33,10
72,6
34,13
27,10
75,7
39,6
51,9
47,9
31,10
40,14
48,9
36,13
18,9
33,9
34,14
51,10
39,12
20,9
67,10
42,11
59,7
31,9
19,10
47,10
68,4
30,10
34,9
49,4
38,10
60,10
51,10
24,13
18,10
24,13
21,3
48,9
52,5
48,9
40,13
29,7
20,10
31,9
30,10
30,9
51,9
29,11
56,14
46,13
41,10
29,3
48,9
34,9
42,11
25,9
47,7
23,9
43,11
19,10
22,9
40,13
41,11
71,13
42,9
31,13
69,10
58,9
36,7
31,9
20,10
41,9
35,10
62,4
28,13
27,8
17,7
35,9
45,10
44,13
27,11
51,5
49,9
64,6
54,4
43,9
32,9
36,12
26,9
37,13
38,12
26,8
50,13
47,10
42,9
66,9
43,9
37,13
37,6
25,10
29,13
63,9
50,12
42,14
32,9
42,10
41,9
25,13
65,9
32,10
32,9
24,10
51,9
67,6
28,7
32,10
77,15
47,9
26,9
20,10
57,10
40,16
50,14
19,4
54,8
51,10
51,13
38,10
68,13
17,8
32,13
29,10
42,10
40,9
27,10
22,13
58,7
61,13
42,13
49,14
41,13
43,9
46,13
28,9
39,10
50,10
57,10
47,9
79,9
40,9
35,13
35,13
30,13
26,6
49,9
48,9
22,10
22,7
50,6
47,9
36,9
44,12
73,5
24,9
34,13
37,10
28,8
46,10
20,10
29,3
24,11
29,10
18,8
41,13
59,9
27,3
50,12
25,2
42,13
36,10
62,10
71,11
38,13
44,9
19,6
49,10
60,13
28,9
26,13
18,7
43,11
65,8
23,6
21,10
20,9
19,10
77,9
32,11
37,10
29,9
59,16
22,10
30,13
31,9
59,9
29,10
56,9
19,10
37,9
58,14
41,14
29,9
38,9
36,14
19,10
46,9
42,14
29,10
42,13
29,12
47,14
37,7
39,9
46,13
28,12
36,10
39,9
44,10
70,9
60,9
35,13
59,13
21,10
22,12
31,10
40,13
33,9
41,14
31,12
62,11
43,9
28,13
43,6
55,14
42,9
23,13
55,10
44,13
19,7
23,9
41,9
63,9
51,9
49,9
29,14
25,10
44,15
17,7
42,14
21,7
26,10
24,10
30,13
58,13
19,9
65,4
52,10
17,6
27,9
53,15
24,13
37,10
34,11
40,12
49,9
86,14
49,11
43,7
47,10
32,9
30,11
25,9
42,13
60,10
46,10
39,10
28,12
26,6
27,10
59,10
64,9
90,9
51,10
36,9
39,4
30,9
47,14
32,14
24,12
23,9
62,9
48,10
62,8
35,13
27,13
49,10
18,6
19,10
63,12
54,9
24,10
61,6
50,9
36,13
21,10
38,15
30,10
22,9
33,10
39,9
42,9
47,9
42,13
29,13
35,13
23,10
28,10
34,9
40,10
67,9
49,9
34,9
60,13
26,13
25,9
40,10
56,9
35,12
54,9
25,13
28,13
31,13
45,9
52,9
39,14
19,9
23,8
23,4
52,11
33,15
35,13
58,9
61,9
39,13
38,7
59,9
41,13
27,5
19,7
22,10
59,12
37,9
31,8
18,7
20,10
28,9
28,10
49,13
38,9
19,9
43,13
28,9
41,10
50,14
46,13
20,10
45,13
28,10
37,10
46,16
66,9
35,10
38,13
25,7
55,15
48,4
56,10
47,14
55,13
41,12
47,10
40,9
41,13
21,10
52,9
62,16
46,7
21,10
35,13
29,9
21,6
35,9
46,13
70,9
35,16
34,10
21,11
29,9
41,14
51,9
22,9
47,13
42,15
19,9
46,13
23,10
49,9
58,13
41,13
50,13
77,9
27,11
29,9
54,1
39,10
32,10
36,13
24,13
50,14
32,9
26,13
49,13
38,11
47,13
31,10
38,9
50,10
18,7
59,14
56,10
34,9
32,13
29,13
29,10
42,13
37,10
36,9
59,14
32,13
52,9
29,9
39,15
39,10
69,13
43,9
39,11
19,10
60,11
51,9
75,10
37,11
24,10
20,7
58,9
21,14
28,9
40,6
45,9
40,15
41,10
58,9
44,11
26,9
29,12
45,14
23,12
39,9
45,16
51,14
22,9
67,4
28,9
23,10
33,9
37,11
19,10
90,2
35,7
62,4
20,10
25,9
21,9
32,10
32,13
70,9
65,6
57,7
31,10
37,13
34,9
26,10
44,10
66,4
39,9
31,9
53,11
36,9
61,5
43,13
38,10
26,9
27,9
58,5
37,9
56,4
36,10
29,9
28,6
61,16
66,5
31,10
21,12
67,9
26,9
21,10
33,9
33,9
59,13
82,4
34,16
29,13
19,10
57,9
41,10
55,6
27,10
33,9
43,10
72,10
68,9
29,9
41,13
30,9
31,13
54,3
32,12
56,9
39,13
41,11
48,9
66,4
25,13
31,9
32,12
51,13
42,9
22,10
31,15
43,9
42,10
20,9
40,13
65,9
53,13
56,10
51,16
38,9
44,14
49,9
47,9
22,12
53,10
41,10
19,9
27,13
48,11
52,4
61,15
45,13
29,5
41,10
38,10
32,10
37,9
55,6
62,9
48,9
43,10
25,9
47,9
49,13
55,9
42,9
40,9
34,11
38,9
39,9
45,12
43,12
32,9
18,10
27,14
57,12
38,9
67,13
26,7
21,9
17,6
31,9
51,12
29,13
28,13
32,12
31,10
26,10
28,13
40,14
51,4
62,10
54,6
55,9
24,9
27,14
18,9
22,13
21,9
44,10
50,14
38,13
39,13
27,9
35,7
51,10
60,10
62,10
38,9
37,10
43,10
49,10
17,6
32,9
23,13
28,13
83,13
25,13
42,13
46,7
29,13
44,14
60,15
30,11
24,10
17,6
76,7
31,12
52,10
39,13
73,13
38,9
48,9
60,6
26,9
20,9
54,16
50,9
20,10
23,10
35,11
43,6
50,9
58,2
55,12
29,13
47,10
39,9
63,9
27,9
62,7
38,10
25,9
31,9
40,10
42,16
52,9
46,13
31,10
33,9
58,9
52,9
25,13
54,13
46,14
28,9
24,4
39,13
60,10
22,9
27,13
35,13
47,13
33,13
40,13
38,13
26,12
54,13
39,13
60,4
32,14
19,10
49,9
31,7
29,9
39,9
42,14
26,9
27,11
52,5
50,10
51,9
51,9
40,9
61,4
35,9
41,9
31,14
43,9
20,9
35,10
30,10
42,15
51,9
39,14
69,5
63,5
29,10
21,10
24,13
55,9
42,9
48,7
31,13
52,11
30,10
29,9
32,10
47,10
56,5
40,10
20,10
36,10
45,13
38,5
60,15
70,14
21,10
57,9
33,9
37,9
50,15
68,10
28,7
32,10
30,15
18,7
45,10
22,9
38,13
37,11
23,13
59,4
48,15
53,10
18,9
30,13
50,10
63,7
38,9
48,5
60,9
46,9
30,9
39,13
55,10
17,7
46,13
50,9
32,13
18,9
34,9
50,13
32,7
23,13
26,13
46,12
43,10
32,9
37,12
48,10
28,13
43,9
51,6
30,9
34,14
34,9
41,13
53,6
42,1
18,9
81,13
40,11
26,13
20,10
41,9
49,14
22,10
46,13
56,10
35,9
34,13
29,14
28,8
35,13
29,10
21,10
52,10
45,9
43,9
35,9
21,10
35,6
30,9
45,9
29,10
29,6
33,13
17,6
52,9
24,10
32,9
40,13
32,9
33,13
30,4
28,9
62,12
46,13
32,11
26,9
41,13
57,10
52,10
35,13
19,9
49,13
47,11
38,7
30,9
32,7
32,9
46,11
22,9
47,10
57,10
47,10
41,13
36,9
32,13
37,7
36,9
64,9
17,6
23,10
40,10
42,13
37,9
35,10
56,9
52,13
37,13
48,16
24,9
33,11
39,11
34,9
24,13
23,10
49,9
18,9
20,8
54,14
19,10
53,9
34,8
28,9
35,9
20,10
31,10
37,16
64,8
42,10
27,10
36,10
36,10
23,9
46,9
24,7
22,9
62,13
19,9
20,9
47,14
57,9
19,9
37,14
35,9
17,8
36,10
50,10
35,9
27,16
28,9
29,15
25,9
47,12
29,14
19,9
49,10
31,15
43,12
56,7
42,9
45,10
40,13
44,10
17,6
36,9
19,10
53,9
72,10
46,11
33,10
22,5
17,7
41,9
46,5
33,9
32,1
52,9
27,9
48,9
22,10
25,9
60,9
38,11
37,9
49,10
40,13
48,9
31,10
40,9
25,9
68,13
18,9
19,8
35,9
28,9
53,9
33,10
20,9
45,13
36,13
34,10
32,10
19,10
24,9
34,10
32,9
37,9
31,10
21,10
47,9
23,10
33,14
60,13
17,9
67,9
57,14
17,7
53,9
25,10
24,9
48,10
51,14
38,9
51,9
18,9
23,10
42,10
34,9
39,9
20,9
39,10
21,10
26,4
54,10
34,10
32,9
59,4
24,7
54,13
54,13
67,9
33,9
37,9
47,13
51,9
45,9
19,9
58,16
27,9
36,10
20,12
51,9
45,14
32,9
59,9
45,13
43,9
54,6
20,10
29,13
28,7
18,7
49,13
46,9
58,9
56,13
41,12
50,15
74,10
30,9
62,9
19,9
29,9
20,10
36,4
36,9
51,12
37,10
29,9
17,6
18,9
40,13
26,13
42,10
32,9
33,5
28,10
43,13
47,9
37,10
73,13
37,9
50,10
19,9
32,10
44,11
20,10
29,10
21,10
34,11
44,13
18,7
22,10
39,16
26,10
29,13
21,10
49,13
24,12
26,13
25,10
30,12
52,13
30,9
20,9
31,9
44,13
46,10
31,9
57,4
58,9
41,9
23,9
47,9
72,15
26,13
45,10
48,15
23,10
20,9
18,7
27,13
25,9
45,9
53,10
54,10
41,9
23,5
17,6
42,9
61,8
57,10
21,10
44,10
48,12
46,15
37,9
35,9
27,13
28,10
19,9
63,13
69,9
69,12
36,11
20,8
28,13
58,9
48,9
39,10
38,9
50,12
35,13
45,13
38,10
54,12
42,13
32,6
55,16
63,10
21,5
62,14
46,13
43,10
35,9
37,5
51,9
45,13
19,8
61,9
61,5
21,9
45,9
38,13
28,13
40,13
32,9
55,10
64,9
34,9
19,10
58,10
46,12
44,11
31,10
31,9
39,10
19,8
56,9
53,5
68,14
69,9
62,10
62,9
39,9
45,12
29,10
33,10
34,10
29,9
65,7
18,10
22,9
30,13
44,13
48,10
52,9
53,13
48,9
25,13
41,13
37,9
55,6
67,9
36,10
47,9
36,9
25,13
19,5
24,4
30,10
17,7
28,13
34,11
35,10
24,10
43,9
20,9
55,14
22,10
20,10
44,9
38,12
53,5
26,10
58,10
23,9
53,2
35,9
41,9
31,9
50,9
57,5
25,7
23,9
48,13
34,10
37,10
43,13
20,10
40,13
27,10
35,6
33,13
57,10
43,12
40,12
54,10
28,10
32,9
49,9
52,9
41,6
19,9
33,9
21,10
25,13
44,7
20,10
46,6
39,9
34,9
19,9
27,9
53,5
46,11
23,13
39,10
30,9
53,14
33,5
22,10
44,10
30,10
66,10
39,13
37,9
34,9
17,7
43,13
46,13
17,7
60,4
63,14
42,12
30,5
33,9
43,10
20,5
30,10
37,9
33,10
49,13
65,9
35,15
27,13
33,9
18,8
41,14
38,13
45,9
18,10
33,10
28,9
47,9
30,12
36,12
21,9
44,13
33,9
61,9
29,10
45,10
18,9
29,11
27,13
21,10
22,10
49,10
35,10
47,9
37,10
37,11
26,9
18,9
55,10
47,12
59,9
70,9
53,9
39,9
38,5
33,10
19,10
28,9
74,6
40,13
35,11
35,9
41,10
38,10
29,6
46,9
46,9
40,13
29,13
39,12
31,9
50,14
31,13
27,10
27,10
28,13
21,9
57,13
56,14
22,9
48,1
36,10
51,8
39,12
43,9
38,14
51,9
43,9
44,14
35,9
40,9
39,6
47,4
23,1
26,7
25,9
29,10
30,9
57,13
37,11
39,13
37,14
45,9
21,10
25,10
61,9
59,9
28,9
24,10
47,9
29,9
49,5
41,13
33,10
20,10
40,16
32,10
48,13
24,10
50,11
31,9
23,11
35,9
50,9
39,5
52,4
44,9
43,13
39,9
33,4
31,14
40,10
28,15
19,8
35,11
44,13
40,13
20,10
55,9
30,4
38,9
75,9
17,7
79,14
20,10
25,12
27,13
19,10
21,10
19,10
42,10
28,6
47,10
59,10
50,9
48,9
33,9
27,12
45,16
24,4
31,9
24,3
29,9
24,9
24,13
28,10
63,9
36,10
58,4
51,10
42,10
39,10
26,13
39,10
28,13
51,13
45,13
45,11
23,13
38,10
38,7
39,10
52,11
17,8
31,13
22,9
47,9
28,10
30,9
41,9
29,14
42,15
52,10
35,13
28,12
46,14
21,10
45,9
21,9
74,6
29,9
39,9
44,10
23,13
32,12
61,6
43,9
23,1
18,10
38,9
33,13
19,10
23,10
37,9
25,9
36,9
45,8
32,13
65,7
18,7
25,9
29,14
53,10
33,16
27,13
24,9
54,4
23,10
45,11
36,10
36,7
44,14
24,9
39,10
50,9
38,9
58,13
44,9
24,13
52,9
46,13
50,16
34,12
40,12
53,13
24,9
58,13
26,10
22,12
36,9
78,12
36,13
43,13
60,4
49,14
50,4
34,4
46,10
46,13
69,9
32,6
40,13
61,3
56,10
47,9
29,9
37,9
51,15
44,14
33,9
51,15
24,11
37,11
40,10
34,14
61,13
56,9
69,7
41,11
40,9
57,10
26,13
53,9
90,4
39,13
51,13
56,13
51,6
17,8
42,10
42,10
29,15
33,13
47,15
43,10
64,15
40,9
21,3
31,10
60,11
32,8
66,13
27,9
40,9
27,9
18,10
43,9
52,9
31,9
28,9
44,14
37,10
35,13
42,5
18,6
46,14
54,9
54,9
56,10
27,10
26,13
41,10
41,9
32,10
18,9
36,9
37,6
31,3
46,13
24,9
25,13
55,3
64,9
30,13
65,14
46,13
45,14
18,10
32,13
38,13
34,16
35,9
26,9
24,10
45,9
36,6
44,4
23,10
57,9
41,10
20,9
32,10
60,9
38,13
29,9
22,9
21,10
40,9
59,10
45,14
76,9
45,13
49,14
36,11
22,7
47,11
26,9
21,10
27,9
26,13
20,11
31,14
57,14
39,7
36,12
66,10
34,10
80,9
21,9
40,13
49,12
48,10
19,10
42,7
59,9
63,10
26,9
41,5
42,10
19,9
45,7
47,9
47,9
34,11
49,13
36,9
53,9
21,10
39,9
52,11
18,10
59,11
50,9
31,13
52,10
41,10
45,12
54,14
22,9
50,9
20,12
43,9
48,13
24,13
54,10
26,9
53,13
51,16
54,14
32,9
46,9
60,13
52,9
44,9
56,10
57,9
35,9
30,12
29,10
49,13
28,6
30,10
45,9
17,6
54,6
31,10
54,16
55,13
26,12
37,5
34,9
38,13
51,10
41,9
24,10
56,13
33,9
31,6
27,10
32,13
35,12
43,10
40,9
19,9
23,12
40,9
59,9
43,9
43,6
53,9
26,9
68,10
41,13
32,9
25,13
20,9
22,10
33,6
26,10
29,9
20,9
68,14
58,10
32,9
23,12
30,5
67,10
26,12
53,9
27,9
29,10
38,16
17,5
48,14
52,10
28,12
18,10
28,10
34,10
62,9
46,3
30,10
20,10
29,9
55,10
20,10
54,6
27,6
43,10
17,6
48,14
34,13
66,5
29,13
43,10
37,11
56,10
58,6
54,13
45,10
29,9
26,12
43,9
33,9
45,10
25,10
25,9
69,15
37,12
20,9
39,14
17,6
27,9
26,9
55,3
39,7
41,9
34,2
51,11
67,16
40,10
58,12
23,9
45,14
51,13
43,10
25,13
36,13
58,9
33,9
60,11
24,9
45,9
49,9
19,8
34,10
42,13
25,9
73,9
59,3
28,9
19,7
31,13
58,13
21,9
47,9
30,13
41,4
59,6
43,10
48,9
44,13
44,10
24,13
28,9
50,9
33,10
23,13
30,9
46,6
21,10
52,5
26,13
27,13
28,7
50,13
28,9
61,7
32,4
30,10
51,13
40,10
36,9
28,10
49,12
61,4
41,13
55,9
36,13
21,10
57,10
49,15
59,7
41,10
59,10
20,9
42,10
41,14
45,13
36,9
42,12
25,13
45,9
58,9
39,9
34,9
22,10
44,9
53,10
22,12
27,5
60,9
46,13
56,15
36,13
56,9
35,10
29,13
19,6
38,9
40,10
52,12
22,10
32,9
27,13
25,13
36,14
22,8
32,9
37,13
22,9
29,9
42,1
45,11
33,13
39,10
27,8
53,13
30,13
52,10
43,13
47,14
61,9
39,14
47,10
19,9
37,10
31,9
69,11
22,10
29,9
24,10
42,9
30,13
28,14
27,11
53,9
35,9
22,8
25,9
38,13
27,13
30,5
27,13
25,13
36,9
32,9
70,6
50,9
40,10
34,7
57,9
39,14
49,10
43,10
26,9
31,10
60,10
46,14
26,10
27,15
31,10
59,9
19,10
18,10
22,10
24,12
53,6
43,9
24,10
60,6
24,9
52,9
32,11
34,6
35,12
38,5
34,9
53,15
23,9
40,10
40,9
50,9
17,6
53,13
32,13
43,9
18,7
62,6
45,14
46,16
73,4
64,16
26,13
23,9
30,9
51,10
35,13
39,10
35,14
41,9
31,10
40,13
46,15
31,9
41,10
42,13
23,9
21,10
49,10
53,11
38,13
36,12
32,10
20,7
17,7
22,10
25,11
58,9
24,10
48,9
20,2
60,10
20,9
52,10
36,9
46,13
22,7
19,10
37,9
30,11
44,12
63,9
22,9
31,13
17,7
21,9
67,14
46,4
29,9
20,10
27,10
35,10
19,10
36,8
43,13
62,13
28,15
18,7
59,15
37,13
27,10
46,14
29,7
33,13
62,9
46,16
28,6
22,10
46,14
54,10
34,9
67,16
62,13
30,10
19,9
49,4
27,11
36,10
52,13
47,8
57,9
64,10
56,9
53,7
53,13
31,10
41,13
45,9
63,13
45,9
23,10
39,14
31,11
35,13
54,14
22,10
40,13
55,13
31,9
58,7
31,16
46,9
38,11
22,10
17,6
48,9
73,13
25,13
53,10
46,10
45,13
37,13
30,9
29,9
29,10
75,13
58,14
42,4
62,5
45,13
38,13
36,13
70,9
42,4
47,14
42,10
43,10
37,11
36,10
27,13
54,3
48,9
29,9
29,9
37,10
55,10
67,9
51,9
35,14
41,4
64,9
23,3
49,13
38,13
62,9
62,4
70,9
45,14
20,12
38,9
50,13
40,10
30,9
52,10
28,13
62,9
31,9
40,9
34,9
53,10
42,8
26,10
51,9
49,14
43,9
42,10
31,7
26,9
50,13
35,9
37,10
53,9
20,10
31,15
28,9
46,9
21,10
41,14
30,13
66,13
37,10
74,4
46,10
51,14
33,13
30,3
47,13
49,13
53,9
24,11
54,9
32,10
45,10
46,9
37,10
48,14
25,13
28,9
44,8
58,10
27,10
69,9
38,13
47,8
30,10
46,9
27,15
19,10
18,9
24,7
32,13
38,9
19,1
28,10
39,14
38,10
42,9
31,10
46,5
53,10
21,12
48,9
46,9
30,9
24,9
32,6
30,9
57,16
56,4
27,9
38,13
19,9
61,10
49,11
28,9
50,14
43,13
34,9
28,7
31,10
55,9
26,13
51,16
35,9
42,12
63,16
31,14
22,9
67,9
50,5
63,9
31,9
17,7
41,9
53,4
44,10
24,13
35,11
61,10
31,12
44,13
56,9
66,12
45,10
69,13
64,9
38,9
43,10
37,9
19,9
59,9
50,10
33,13
56,10
28,11
27,9
42,14
34,9
19,7
68,9
28,14
81,10
22,9
58,12
31,10
17,7
25,10
23,10
25,8
47,9
39,13
44,9
46,11
38,10
23,9
34,13
33,9
38,9
52,11
50,9
38,13
35,13
67,16
60,9
44,9
38,9
29,9
65,14
33,12
29,9
18,7
43,15
42,11
42,9
32,9
36,12
41,13
30,10
21,9
33,10
19,10
19,9
35,9
43,9
45,9
25,13
39,13
26,9
60,14
52,16
22,8
23,10
46,9
34,13
39,13
38,9
56,14
55,9
40,10
23,10
39,13
24,13
51,9
47,13
25,9
34,15
18,7
19,10
32,10
49,9
40,4
43,9
71,14
59,9
32,13
25,13
32,9
17,7
57,15
17,8
27,13
41,9
62,16
19,7
41,3
39,13
30,9
37,13
18,7
40,13
38,10
24,9
33,9
48,13
51,13
48,9
43,4
34,15
41,11
51,15
25,9
20,9
61,9
35,10
42,14
26,9
46,9
39,13
18,6
29,10
39,10
47,9
40,10
43,9
32,9
31,6
19,10
44,12
46,13
53,14
43,13
41,13
35,9
48,13
28,14
44,13
20,10
51,15
28,9
36,13
28,9
21,10
34,13
36,10
25,12
31,9
44,9
49,7
40,9
64,16
54,14
27,10
18,10
68,5
64,16
36,9
21,9
22,10
61,13
24,10
49,13
25,10
66,9
29,10
22,9
57,10
41,13
29,9
20,10
47,15
22,9
59,11
42,14
64,10
29,9
25,10
62,10
44,14
21,9
60,10
46,6
44,13
21,9
18,7
39,13
33,14
63,2
52,9
17,5
45,15
31,9
35,10
31,9
51,10
48,9
28,9
42,9
38,10
43,13
30,9
24,8
46,13
50,6
22,9
18,9
53,13
40,13
36,16
32,13
39,9
46,9
26,13
19,10
24,9
28,14
25,14
44,10
38,9
42,14
28,9
36,13
47,13
46,9
21,10
19,9
35,13
26,9
21,10
67,4
54,9
26,14
51,13
27,10
27,9
39,10
32,13
52,9
21,10
27,9
46,4
42,11
79,13
50,13
19,9
43,10
51,14
45,10
65,9
66,13
36,11
26,12
28,10
39,15
43,10
20,9
29,10
32,13
44,13
18,10
60,10
34,9
60,9
38,7
29,11
41,10
49,13
37,3
37,16
43,10
41,14
37,9
19,5
29,10
40,9
53,4
27,13
44,9
29,12
25,3
38,9
48,13
18,10
50,9
37,9
48,13
50,10
74,9
24,10
34,10
19,10
39,9
40,10
30,9
27,9
23,5
68,4
46,10
24,13
18,8
50,16
42,7
42,5
37,11
57,10
27,13
31,6
34,14
55,9
56,7
36,13
35,10
63,14
28,14
38,13
30,9
18,10
35,11
53,9
46,15
45,10
35,6
41,9
60,9
18,10
19,9
24,9
56,13
28,9
29,9
35,10
27,10
55,16
18,9
53,9
26,14
55,10
45,10
28,9
32,13
27,9
35,9
36,9
41,13
23,13
22,8
36,15
65,13
59,9
25,9
33,10
31,10
50,13
49,10
43,13
23,10
34,14
23,10
63,6
33,9
51,13
31,9
32,10
48,10
31,10
47,11
54,10
23,10
34,9
46,7
34,12
31,9
41,9
41,9
27,11
30,7
23,10
24,12
59,12
56,9
35,9
59,9
47,11
51,9
42,13
29,10
23,9
43,9
46,10
30,10
23,10
29,14
33,9
33,9
46,10
35,10
36,13
25,9
35,13
30,4
39,10
37,10
22,9
25,9
50,9
64,15
33,11
59,3
24,9
41,13
38,5
60,13
19,9
23,10
57,14
36,14
17,6
24,13
32,9
27,13
43,11
21,10
54,11
22,9
29,9
22,8
37,13
38,16
34,10
45,10
28,2
68,16
36,9
20,5
24,10
38,10
32,13
34,10
47,9
28,13
32,15
58,9
64,15
38,10
43,9
28,8
21,10
23,13
25,5
41,9
24,9
41,10
27,13
54,4
28,9
29,4
36,9
41,13
60,10
34,14
32,9
27,10
60,6
39,11
59,8
34,16
36,11
54,10
48,11
19,4
40,15
25,9
39,12
34,10
30,9
43,9
35,13
36,16
59,9
33,9
22,10
48,9
54,9
49,10
37,13
45,9
51,10
46,10
31,13
29,6
39,10
35,9
26,13
51,10
31,14
39,9
26,7
25,13
61,10
49,9
53,13
52,1
52,9
74,13
50,9
29,13
76,4
19,9
25,9
45,9
34,12
20,10
66,14
63,13
27,10
41,10
43,9
23,9
37,10
31,13
33,10
28,12
70,9
35,10
41,12
17,7
41,13
44,11
47,4
24,9
38,11
34,10
62,9
27,9
59,10
35,14
38,9
28,10
28,9
59,5
42,10
54,14
39,9
41,13
43,13
32,13
62,10
58,9
43,9
67,10
31,9
51,14
54,13
20,10
35,10
22,9
38,13
42,9
44,14
28,9
74,10
34,9
50,9
50,11
43,9
29,9
30,9
61,9
21,10
27,13
47,16
39,12
33,9
22,9
38,10
45,10
42,9
35,10
21,9
49,11
50,13
36,16
20,9
49,9
40,13
22,10
60,9
67,7
21,10
60,9
17,7
43,14
49,13
41,13
38,10
38,9
35,12
40,10
23,10
19,10
40,9
46,9
25,10
36,9
24,12
62,9
54,1
23,13
60,9
18,9
41,10
45,14
62,11
28,13
36,10
31,9
44,9
33,9
62,15
27,4
42,11
55,5
41,9
26,10
45,10
67,9
25,11
30,9
22,13
19,10
26,13
61,9
32,15
43,9
53,9
53,10
42,8
36,9
55,13
35,13
17,7
55,15
36,9
40,14
54,6
45,13
48,10
40,15
31,13
26,13
34,10
19,9
31,12
34,9
55,14
38,10
21,9
27,4
35,9
20,10
24,11
27,14
18,7
28,10
36,9
66,10
19,10
59,6
33,9
28,4
34,13
41,10
30,7
59,9
42,13
47,9
29,6
60,10
53,9
41,4
32,10
73,9
20,9
49,14
36,13
33,10
25,10
34,9
19,10
40,12
48,9
51,10
22,12
34,10
22,6
34,9
56,9
49,9
36,13
18,10
26,9
48,9
35,9
29,9
47,9
21,11
28,10
53,10
65,9
26,10
50,13
26,9
70,9
55,10
27,13
31,10
43,13
24,7
22,4
26,9
23,6
41,9
52,14
41,9
59,6
56,10
58,9
65,13
24,13
51,12
31,10
84,9
51,10
24,13
30,9
22,6
30,14
47,10
19,9
43,10
30,13
46,14
49,13
37,3
42,14
57,10
46,12
23,10
26,13
64,14
20,9
31,9
38,13
44,10
42,11
23,13
31,14
35,7
30,10
35,9
40,9
18,7
23,6
63,9
20,9
50,14
49,14
53,6
34,9
54,9
40,10
22,13
28,6
24,9
37,2
62,9
19,10
51,11
65,10
31,9
42,10
42,9
54,12
23,13
28,9
42,7
30,9
33,9
33,9
39,9
27,7
20,7
62,3
17,6
58,10
69,14
34,13
34,13
20,9
64,10
27,10
41,9
40,4
53,14
44,16
37,3
46,13
17,5
35,9
36,12
49,9
48,15
26,13
26,12
35,9
29,5
54,10
36,10
25,13
18,6
21,10
22,9
52,9
36,10
25,13
49,16
42,10
37,11
39,12
32,13
53,9
30,7
51,10
62,11
38,3
23,13
39,9
37,10
27,12
41,10
47,13
25,10
35,12
47,9
30,9
29,11
36,11
42,13
51,9
34,9
44,9
27,13
39,9
46,9
32,9
31,13
23,7
47,14
66,13
26,9
52,9
53,7
48,13
37,12
17,7
50,11
28,9
17,7
39,10
28,13
38,12
53,9
28,13
42,10
40,5
20,10
32,13
23,13
25,13
41,9
42,13
18,8
29,13
36,9
34,6
34,9
48,15
36,15
67,9
53,9
53,13
45,16
22,6
25,13
61,10
31,10
47,9
31,2
17,5
38,10
23,9
42,10
78,3
54,11
26,13
30,9
46,13
26,13
30,9
66,16
23,9
25,10
32,13
25,9
51,7
24,13
22,10
28,9
29,7
26,13
41,13
19,10
39,9
51,15
29,9
27,3
33,13
19,9
67,9
41,13
29,14
28,9
25,10
21,9
24,10
48,7
46,15
35,10
35,13
50,6
22,9
45,10
62,13
39,14
33,9
22,10
50,9
25,7
44,10
26,9
31,14
56,9
49,4
49,8
46,9
33,10
25,13
40,12
72,4
32,14
44,13
48,9
17,6
50,11
61,10
22,9
17,7
49,15
26,9
19,10
17,8
38,9
34,11
51,9
48,9
63,14
19,9
73,10
51,9
38,14
54,10
41,9
65,13
36,13
42,4
38,10
20,10
37,13
35,9
51,10
23,11
27,13
19,10
37,11
29,9
33,2
60,9
22,13
22,10
60,11
35,7
45,11
30,9
43,10
32,14
35,9
32,11
61,11
40,14
20,6
42,13
21,10
21,10
26,13
36,9
24,13
47,13
51,12
65,9
61,13
67,10
49,9
63,9
58,11
61,4
36,9
19,10
29,10
43,13
60,9
21,10
22,9
33,13
36,13
37,13
35,12
17,6
37,9
22,9
28,10
42,10
57,9
26,10
45,7
32,13
63,10
22,10
36,10
45,9
34,15
27,13
20,10
47,9
46,4
28,10
45,9
26,13
32,6
30,8
59,6
58,16
45,10
76,10
38,9
32,14
38,9
30,12
53,11
41,13
27,13
44,12
35,14
36,2
51,10
42,9
40,13
45,9
55,5
36,4
57,9
27,9
62,14
29,13
38,13
29,9
18,10
19,8
32,14
34,13
25,12
34,14
37,10
37,9
18,9
24,11
17,8
35,13
31,11
29,12
49,9
71,13
35,9
55,9
37,3
33,10
49,13
32,9
63,7
39,14
42,9
30,14
30,11
48,9
57,13
56,6
28,10
43,13
46,9
60,13
50,14
37,15
41,9
38,10
23,10
59,10
72,14
47,10
29,11
35,13
24,10
22,9
24,9
42,13
55,13
40,14
61,9
58,13
39,9
45,10
25,9
69,16
36,13
34,11
45,13
27,8
28,10
27,10
41,9
18,9
44,13
47,11
36,9
66,1
33,9
39,9
30,9
34,9
62,14
21,10
50,14
30,13
43,9
19,10
26,11
50,4
45,14
46,14
17,6
56,4
25,10
47,14
23,9
51,9
19,10
33,9
32,9
52,9
36,10
34,9
26,9
26,8
35,10
58,13
32,7
23,10
28,10
20,6
17,6
56,9
26,9
43,13
45,10
34,10
54,2
51,9
58,10
49,12
21,11
44,10
26,13
39,13
19,9
37,10
49,9
45,9
60,9
28,13
23,10
44,13
19,10
37,9
41,9
56,13
44,12
30,13
23,13
44,9
38,9
32,10
57,14
35,15
48,13
32,10
76,14
57,9
58,10
51,14
50,6
38,9
53,9
59,4
23,9
44,11
23,13
23,12
44,13
30,9
28,9
46,10
34,1
38,13
26,10
39,9
28,10
33,14
43,14
30,13
59,14
26,9
28,10
48,10
49,13
41,9
20,10
49,9
37,13
18,8
61,9
26,9
66,13
68,14
27,9
66,10
28,6
26,13
25,9
46,10
62,13
35,9
26,9
40,9
31,10
52,9
61,9
39,7
25,9
47,13
33,13
17,7
26,9
25,9
39,9
33,14
46,10
27,10
48,9
29,7
40,13
24,13
55,13
56,9
25,12
36,10
26,9
37,9
36,9
23,7
25,13
36,9
37,10
39,12
35,11
33,7
31,10
49,10
34,13
40,9
27,10
50,16
38,8
55,13
49,4
40,13
42,11
51,13
27,13
30,9
70,16
40,6
43,13
24,9
22,4
38,13
52,9
32,11
33,11
21,9
27,10
31,9
29,14
49,3
61,13
46,13
37,7
56,13
37,10
26,9
31,10
36,9
52,6
40,10
21,9
63,6
30,9
30,13
50,13
41,14
39,13
23,9
52,9
17,7
46,11
26,10
30,10
23,10
21,10
39,9
37,11
40,14
38,10
47,13
20,10
35,9
62,13
32,7
42,13
32,6
27,10
53,13
28,3
26,9
47,15
23,10
70,10
41,13
43,14
65,9
40,9
64,9
40,10
43,13
50,9
19,10
32,13
32,7
42,7
41,9
30,10
20,10
45,9
42,16
24,12
43,13
28,9
35,9
36,9
38,9
32,13
50,9
34,9
35,9
30,14
61,3
27,13
61,9
18,3
31,9
31,13
20,9
35,8
51,9
43,10
18,7
55,15
59,9
21,9
22,6
60,10
49,9
21,9
61,9
64,3
63,9
27,13
23,13
41,9
18,8
40,9
55,13
17,6
34,10
24,13
30,15
29,14
52,13
57,10
38,13
43,14
61,10
38,13
51,9
40,13
41,10
19,10
28,4
59,10
32,13
31,9
30,12
54,10
33,11
20,10
27,10
32,9
35,9
27,7
40,13
34,11
34,12
38,10
28,9
65,10
61,10
18,7
35,13
45,13
68,9
25,10
48,15
19,10
43,13
54,13
47,13
25,11
30,12
67,10
35,9
26,10
61,9
54,9
50,8
32,5
34,9
36,9
50,10
28,7
22,9
58,7
27,3
62,13
36,13
21,10
41,14
28,10
33,13
54,13
19,10
76,4
25,13
34,13
40,13
22,7
17,7
55,10
51,10
26,3
44,13
65,6
54,9
34,12
42,9
26,9
39,3
46,7
34,13
59,9
20,9
34,10
62,9
51,9
34,10
47,13
21,10
30,11
38,9
45,13
23,10
34,10
22,8
31,9
50,9
19,2
28,13
23,9
35,9
28,9
27,10
46,13
27,9
25,6
34,10
33,9
36,10
30,4
23,10
36,3
29,13
50,10
19,8
20,10
52,9
20,9
22,11
34,10
60,10
19,7
59,9
36,9
25,9
49,4
25,9
50,7
44,12
28,9
33,10
40,13
56,10
56,10
23,13
38,9
21,10
67,4
54,11
50,9
59,4
51,7
30,9
42,9
64,9
61,13
26,13
47,11
78,10
24,9
27,7
51,14
46,9
55,9
20,10
30,9
36,10
19,9
30,13
31,12
26,9
59,12
53,9
24,10
24,10
36,9
39,14
53,9
75,9
36,9
46,10
56,9
29,9
60,5
58,9
67,9
35,10
39,10
37,10
54,10
63,15
47,7
23,13
55,9
49,7
39,11
23,9
19,10
44,14
25,11
35,11
23,9
48,11
48,10
44,9
55,13
33,9
18,8
24,13
32,12
24,13
44,13
27,13
39,12
26,6
34,14
38,14
41,14
73,13
32,9
56,14
59,13
44,10
35,13
52,9
30,10
23,13
43,9
61,9
38,9
68,6
41,14
42,10
48,5
19,9
31,7
40,12
32,13
51,9
44,13
23,13
30,7
44,13
24,9
34,9
17,7
61,14
30,13
45,13
22,11
49,10
39,12
39,9
34,10
52,10
24,11
38,13
19,7
24,9
25,12
71,4
27,9
28,11
54,11
18,7
49,9
36,9
57,9
56,14
17,6
30,9
41,6
26,9
61,6
50,10
24,9
44,7
38,14
61,4
25,13
34,9
38,10
42,9
17,6
48,4
38,14
52,9
55,11
41,9
45,3
49,4
19,10
39,13
43,10
42,10
17,7
30,12
61,14
48,14
60,9
57,9
27,3
24,9
41,8
42,9
34,13
22,5
47,9
50,9
30,9
38,13
31,9
44,10
34,10
52,9
34,9
31,10
68,10
22,9
42,13
37,9
36,9
38,10
72,9
40,3
19,10
55,11
30,12
52,13
29,13
41,10
29,13
24,13
46,15
44,9
17,6
35,11
38,9
36,5
24,7
38,13
19,7
30,9
36,11
27,10
27,12
66,4
65,10
37,14
17,7
19,10
57,3
54,14
21,10
43,9
50,9
38,7
31,9
41,15
20,10
28,13
62,5
41,8
37,9
53,10
28,13
23,14
46,9
28,9
50,6
19,10
84,4
48,15
61,9
44,10
32,9
25,10
47,10
19,10
37,10
28,9
34,12
32,10
24,10
22,10
30,10
56,14
30,13
28,10
40,10
28,10
39,8
33,9
23,10
32,10
37,9
71,3
30,10
20,10
53,9
42,9
44,13
26,14
21,10
37,9
36,13
25,9
54,16
38,13
29,9
20,10
32,9
24,12
59,9
56,13
40,9
35,13
38,13
24,10
30,10
61,9
36,2
20,10
36,9
45,13
22,13
31,9
34,9
24,7
42,5
23,13
46,15
60,15
40,10
55,9
47,14
28,9
55,15
47,14
54,14
32,7
38,12
61,10
62,14
29,10
26,9
19,10
40,6
36,9
42,9
55,14
55,9
43,13
39,9
38,10
28,9
36,10
49,10
41,10
60,4
35,13
36,13
51,9
23,9
51,9
17,7
33,10
50,9
38,8
18,9
26,9
21,10
26,9
30,9
39,10
33,9
42,10
28,15
20,9
66,13
31,10
36,10
39,12
52,9
61,4
27,9
45,9
21,5
25,9
24,10
38,12
51,10
29,13
45,9
59,6
41,9
23,13
43,10
17,7
32,13
42,11
68,14
55,9
43,9
61,9
28,9
47,9
21,4
39,10
39,7
34,10
57,5
27,13
21,10
25,3
51,10
35,13
19,10
27,13
34,10
33,9
36,9
33,13
60,13
42,10
47,9
42,9
34,10
21,9
30,14
53,14
34,9
37,13
27,9
31,13
30,10
33,9
41,10
23,10
65,10
30,9
51,11
30,10
49,14
37,9
42,9
62,11
67,9
31,10
50,13
33,13
27,10
31,11
35,10
55,10
54,13
56,13
21,11
66,4
46,9
23,13
43,14
40,9
52,3
59,13
36,11
33,9
20,9
21,9
59,6
42,14
62,9
54,9
35,4
36,12
21,9
30,9
46,10
32,3
21,10
39,9
54,9
32,10
23,9
42,2
62,6
28,10
28,9
35,12
19,10
27,9
54,2
19,9
27,10
30,9
35,12
66,5
19,10
30,9
32,13
31,10
26,11
44,10
52,13
30,10
32,9
19,9
33,9
20,10
61,4
33,10
24,10
31,13
20,9
32,11
29,12
61,6
48,9
29,12
61,8
34,10
22,12
32,9
38,9
27,10
26,9
35,9
62,9
28,9
50,9
34,13
37,9
63,2
35,5
55,13
40,9
25,9
51,10
37,13
54,13
47,10
26,13
46,11
24,8
19,4
35,9
36,13
18,8
46,14
30,9
29,9
65,9
41,14
34,13
58,4
39,9
21,10
31,9
33,16
28,13
32,9
32,13
31,9
41,15
48,13
27,9
45,9
34,9
17,6
25,9
34,13
33,9
21,10
22,9
61,10
40,9
58,10
30,10
24,9
52,8
50,9
49,10
22,9
32,13
21,10
25,10
34,9
48,6
61,9
21,10
20,4
30,10
44,9
44,9
29,9
31,15
35,9
27,9
26,13
37,5
33,13
44,4
34,13
28,12
30,10
41,13
23,13
19,9
48,2
26,10
32,13
26,9
36,14
49,9
33,9
54,14
36,9
41,9
27,13
68,13
21,10
56,9
40,11
46,9
55,5
43,5
46,9
51,10
19,10
67,16
31,9
27,13
21,10
36,9
23,9
62,14
31,13
52,13
39,9
24,13
55,9
38,9
36,9
17,7
27,9
30,10
43,9
51,7
47,13
49,16
34,9
19,9
79,16
28,10
41,10
21,10
31,13
45,9
23,9
32,10
67,7
32,14
35,9
29,10
38,9
38,10
18,9
47,9
22,9
21,10
27,13
28,10
32,15
40,15
23,13
25,10
44,10
43,9
31,13
33,10
41,9
29,14
32,12
78,4
64,9
58,13
55,8
20,9
35,10
27,9
37,9
42,11
47,8
29,9
33,2
44,10
70,3
25,9
24,13
42,13
53,13
39,13
72,9
43,5
25,10
37,12
27,9
39,16
64,9
29,9
50,13
33,3
18,9
20,7
32,10
45,10
48,9
20,10
23,9
34,13
43,13
44,13
47,10
47,9
46,2
19,9
51,9
41,9
37,7
31,9
25,9
46,10
53,9
47,16
28,9
60,10
43,9
45,9
28,6
19,7
51,15
19,9
64,16
44,16
21,9
33,9
63,13
44,9
44,14
28,9
24,13
20,10
21,10
20,9
21,9
34,10
17,7
35,7
26,9
35,9
25,9
27,10
52,11
43,13
36,14
37,9
58,9
25,12
54,14
42,10
65,13
44,9
61,3
29,9
34,10
24,10
40,12
42,15
50,9
18,9
49,9
38,9
41,9
70,10
51,10
24,13
57,9
22,10
31,10
28,10
45,9
39,9
26,10
38,9
38,14
19,9
36,9
30,9
28,14
53,5
32,13
57,15
47,14
36,10
21,7
25,13
37,9
31,9
43,9
61,9
56,10
35,13
59,4
44,10
47,14
44,13
64,10
26,9
53,13
50,13
30,9
46,9
45,9
44,9
59,10
65,16
23,9
33,10
34,9
38,11
62,13
21,10
41,9
35,9
62,10
53,9
69,10
19,10
47,13
52,10
54,9
58,9
30,9
39,9
73,13
64,13
32,9
51,9
57,13
25,9
53,9
39,10
49,9
23,13
28,13
46,14
40,10
24,9
20,9
50,6
24,13
35,9
33,13
54,13
35,9
31,9
47,10
48,9
33,11
35,13
20,10
36,1
30,13
39,10
25,10
40,9
25,9
33,9
53,10
18,7
41,9
25,13
66,4
53,10
27,9
28,9
23,9
29,6
26,10
26,9
26,5
38,9
36,3
34,10
32,9
57,9
31,10
38,13
39,9
35,9
18,7
75,10
28,9
41,14
39,5
31,10
38,9
43,10
27,9
42,14
46,13
20,9
42,10
69,9
47,11
49,9
20,10
52,3
33,3
18,7
55,9
61,4
61,10
39,13
30,10
61,9
36,12
34,10
53,14
38,11
46,13
27,9
32,7
60,13
23,13
29,13
22,9
25,9
29,13
90,9
37,9
32,9
18,9
35,10
50,5
54,9
43,13
28,9
51,5
31,10
69,9
57,13
71,10
28,6
28,6
25,9
49,12
52,5
23,13
32,3
31,10
30,9
24,9
45,12
30,9
52,13
42,9
49,9
20,9
25,13
41,5
55,9
31,11
25,13
32,9
29,10
37,9
52,4
19,10
21,10
43,12
39,10
40,10
54,2
35,13
34,11
35,10
57,16
26,13
55,13
51,13
35,12
31,9
17,7
38,9
39,15
29,9
39,11
42,10
46,14
73,4
47,10
28,9
27,6
38,15
19,9
60,11
24,10
52,7
36,13
26,14
28,13
38,13
47,14
50,13
27,9
47,10
36,6
49,9
68,10
63,9
36,9
42,10
28,14
68,9
38,9
43,13
49,10
59,9
25,13
26,12
59,10
34,10
34,14
67,9
45,11
64,4
51,14
31,13
42,13
65,3
23,10
31,10
33,6
17,7
63,14
48,9
45,12
17,6
26,9
38,10
29,9
44,10
43,14
39,13
43,9
23,9
19,9
49,5
52,10
32,9
38,13
25,3
44,10
63,4
42,9
21,10
32,10
24,9
50,9
26,13
35,9
31,13
24,2
40,9
31,13
43,9
44,9
40,13
75,3
52,10
51,3
39,13
40,12
40,10
33,9
38,10
29,11
37,10
37,9
19,9
46,9
46,12
37,10
34,10
38,10
26,9
34,13
57,13
33,7
26,10
20,9
38,13
61,10
36,16
61,9
17,10
40,10
18,7
21,12
41,9
46,7
55,9
27,12
39,9
36,9
51,10
27,13
30,13
42,9
23,13
56,11
41,10
49,9
46,11
54,9
38,10
45,15
50,15
22,10
31,9
27,9
34,9
46,7
47,13
36,11
22,9
51,9
43,10
54,10
24,5
29,15
40,10
18,7
31,13
57,16
32,14
48,14
24,10
24,12
24,11
49,13
27,9
37,10
33,10
19,10
45,13
54,14
47,9
22,10
20,9
36,5
49,9
58,4
20,10
34,13
36,14
28,13
38,11
32,7
35,9
51,12
33,10
71,14
48,14
53,9
40,11
64,9
42,9
25,9
66,10
59,14
42,10
24,9
19,9
26,10
22,9
33,10
63,7
20,10
33,3
57,4
56,9
70,11
42,9
25,13
28,10
80,9
36,6
37,14
38,9
52,9
49,9
30,9
36,10
70,15
55,10
25,13
59,9
22,10
41,12
62,9
54,9
38,9
52,9
36,7
74,9
35,3
41,8
30,11
25,9
35,10
38,13
34,14
48,14
50,3
19,9
51,10
39,13
20,7
17,7
42,10
25,10
36,9
65,16
32,13
33,13
32,10
25,9
41,10
44,9
72,6
36,9
67,9
28,9
24,7
17,4
32,13
67,7
21,10
51,14
32,2
39,10
18,10
50,13
24,6
21,10
24,13
34,11
68,6
49,6
50,9
33,12
18,10
45,11
20,9
46,13
64,9
39,16
35,9
21,10
29,12
38,13
45,9
30,14
41,10
37,9
45,13
20,9
45,9
20,9
63,10
35,10
24,13
19,10
23,9
34,13
23,7
36,3
46,9
38,13
55,8
27,10
48,10
35,9
53,10
47,9
50,10
32,10
40,9
41,10
47,13
21,10
45,14
33,4
68,10
44,15
49,6
45,16
41,10
29,4
46,10
19,9
56,6
55,9
29,9
21,9
38,9
52,3
22,9
20,9
31,9
39,9
55,10
35,12
67,9
45,13
61,14
18,9
51,13
37,9
21,10
32,10
48,9
62,4
21,10
28,9
19,6
20,10
41,13
29,13
47,13
43,13
20,10
29,13
51,13
40,11
26,3
30,13
36,9
68,9
42,10
41,9
43,13
20,10
43,13
53,9
45,10
39,9
31,14
23,10
69,9
38,14
37,9
18,9
41,9
30,13
23,12
26,13
37,9
25,10
33,10
37,13
31,13
27,10
35,14
28,10
59,9
42,13
50,9
27,12
32,10
27,9
43,13
46,7
41,10
59,14
20,10
57,13
46,9
45,4
29,9
23,7
46,9
55,9
58,10
38,11
29,10
57,9
26,13
42,13
61,9
31,10
43,9
47,13
51,9
23,9
24,9
25,10
22,10
38,11
48,9
33,9
46,14
18,4
52,9
46,13
28,9
37,10
23,10
45,14
17,6
56,14
38,12
81,4
22,10
43,10
31,12
42,13
66,10
50,9
31,10
35,10
21,10
36,13
33,4
36,13
37,9
50,9
55,10
29,9
24,10
39,10
34,13
29,4
60,10
33,14
58,5
27,10
46,10
63,9
38,10
23,10
29,13
31,15
49,9
45,16
42,5
48,9
33,9
24,10
49,10
40,10
57,11
50,9
46,13
35,10
19,10
18,6
20,9
42,9
46,9
40,9
54,14
28,9
38,10
28,10
22,7
31,13
27,9
45,13
38,13
67,12
75,14
41,14
37,13
47,9
34,13
25,9
52,9
27,9
35,9
44,8
27,9
42,10
26,5
23,9
28,9
38,9
28,10
29,9
56,5
23,13
30,10
48,10
45,10
38,14
24,9
47,16
22,9
29,10
45,12
24,9
40,9
28,5
46,13
34,10
32,10
20,9
23,10
46,9
21,9
59,14
31,10
48,10
34,4
19,10
20,10
29,13
54,10
36,9
43,13
46,13
33,14
33,6
36,10
37,9
37,11
64,8
45,9
25,13
28,11
26,9
23,9
24,9
58,10
36,11
46,10
23,4
32,10
26,9
52,3
19,9
33,13
60,9
39,10
45,13
37,10
29,12
53,10
46,10
20,10
39,14
48,10
38,9
36,9
53,4
29,9
64,4
34,10
36,9
41,13
34,9
68,5
37,13
22,10
43,8
19,10
36,10
47,9
25,11
33,10
27,10
33,10
24,9
47,10
48,6
28,9
33,13
44,13
33,11
26,10
22,11
34,10
31,10
73,9
38,11
51,10
36,10
29,10
64,9
24,10
21,10
28,10
18,7
41,9
17,5
58,16
50,13
30,7
47,9
24,10
50,10
29,14
31,16
40,9
31,10
53,5
33,9
43,13
56,10
38,13
18,7
50,9
78,9
27,7
19,10
24,13
20,10
25,14
34,13
30,11
37,14
38,9
67,9
35,9
75,9
47,10
23,6
51,9
42,9
32,10
54,9
20,10
39,9
41,9
35,9
45,13
27,13
61,4
41,9
22,10
55,10
66,13
25,10
20,10
20,10
67,13
44,10
42,9
29,10
48,10
25,9
31,9
48,13
40,14
26,10
28,9
52,10
41,9
39,13
48,9
19,9
27,10
59,11
19,10
32,9
39,9
33,9
38,9
27,10
23,9
59,11
25,13
37,12
31,9
24,12
53,13
26,10
25,10
59,7
39,9
28,10
22,9
20,9
25,10
27,10
20,9
63,10
43,6
39,10
27,13
17,6
40,15
50,10
23,13
60,9
30,9
24,9
23,13
24,13
45,13
58,10
22,10
41,10
48,4
31,9
33,15
49,13
30,13
38,9
58,9
58,13
61,9
58,9
32,11
33,9
28,13
22,10
35,9
59,9
45,15
50,9
56,8
36,9
18,6
28,10
42,11
60,9
41,10
42,13
36,9
52,14
42,9
26,10
31,13
47,3
35,10
19,5
59,10
38,13
36,13
35,14
39,9
64,10
17,6
49,10
19,10
36,9
26,9
27,3
66,13
38,4
25,13
19,9
30,12
22,11
60,10
54,10
46,9
33,10
51,14
43,15
18,9
60,9
39,9
23,13
39,12
40,10
48,10
24,9
32,9
31,10
39,9
27,14
45,14
22,9
31,13
63,9
45,13
28,10
23,13
50,9
33,8
22,10
27,13
29,10
36,9
60,2
46,13
67,14
20,10
23,13
38,9
60,15
20,10
37,10
37,9
58,9
25,13
27,10
33,10
43,10
21,10
45,9
44,3
52,4
53,9
31,9
18,7
20,9
32,9
48,6
46,9
28,9
27,9
18,10
69,9
50,14
43,9
32,13
43,9
52,9
50,13
35,10
20,9
73,9
46,9
58,9
46,15
40,9
25,13
22,12
33,13
49,11
62,6
56,10
24,9
42,9
41,14
23,13
22,10
35,13
42,9
22,9
32,9
25,9
66,3
26,9
46,10
55,13
24,9
25,9
22,10
31,9
30,9
54,9
19,10
56,5
47,9
29,9
53,9
22,9
50,13
42,9
21,10
36,9
60,3
69,11
31,9
48,10
23,9
24,12
47,9
36,9
39,12
22,9
27,13
36,9
54,2
33,9
42,9
52,10
23,13
33,2
30,11
35,11
35,11
27,9
24,9
44,9
62,11
45,13
75,9
47,13
64,15
54,9
41,13
33,12
20,10
51,13
45,15
18,7
43,6
30,9
32,9
45,10
61,10
21,2
56,7
28,9
23,10
55,10
27,10
33,9
22,10
43,11
32,9
38,10
18,5
35,10
67,9
29,9
19,2
39,7
29,10
45,15
44,10
42,4
34,13
52,13
18,7
64,9
30,13
43,13
49,10
35,10
37,15
49,4
19,7
22,13
31,9
26,10
44,10
38,10
33,9
24,9
18,8
32,11
27,9
28,14
30,11
33,9
74,14
36,9
36,12
29,9
39,13
25,13
21,9
39,11
38,10
20,9
51,9
21,9
36,10
50,9
38,9
25,13
23,10
36,13
41,13
34,14
19,10
18,6
36,6
46,10
29,10
23,9
35,9
35,9
40,9
22,10
19,10
70,7
38,10
35,10
25,10
39,10
50,16
43,12
37,10
51,9
29,6
20,9
21,10
47,9
44,12
17,5
25,7
43,16
46,11
42,10
46,14
22,10
49,9
21,9
53,14
43,10
22,9
33,13
28,11
25,10
40,13
50,10
48,10
30,9
33,9
34,10
42,13
48,10
38,13
29,9
33,6
64,13
44,11
42,13
49,9
25,9
33,13
38,10
20,9
44,9
45,13
27,9
18,9
38,9
45,7
27,9
64,3
66,9
34,13
45,13
42,9
32,13
26,6
27,11
21,10
23,10
47,10
20,10
46,13
35,9
55,13
28,10
21,10
36,9
29,16
38,13
37,13
81,2
41,10
29,13
30,12
25,9
42,9
30,9
65,9
18,9
26,7
30,10
61,12
21,9
53,9
41,15
43,10
60,4
47,6
48,10
32,13
25,14
31,13
33,14
27,9
44,9
44,10
37,10
34,9
51,10
51,14
25,13
25,13
29,13
36,9
55,9
39,13
31,6
31,15
51,11
30,11
62,9
37,13
30,13
27,13
32,13
23,10
35,5
46,12
45,13
27,9
46,9
22,7
37,10
42,10
45,9
33,11
46,11
24,9
56,9
34,10
50,9
48,13
45,7
55,11
41,10
66,10
29,10
37,10
63,15
61,12
64,13
35,9
22,10
58,4
58,10
24,9
34,10
33,14
33,9
17,7
27,13
20,10
52,13
30,4
22,13
20,12
64,3
49,14
38,13
46,9
17,6
45,2
27,13
45,11
26,9
23,12
44,13
36,13
35,5
24,9
56,13
47,14
32,13
29,13
55,12
35,13
37,9
36,11
33,9
34,9
24,10
25,9
31,9
38,11
30,13
35,9
67,13
34,13
46,9
19,10
26,12
28,10
47,10
49,14
33,15
44,13
30,9
18,10
60,9
44,14
81,15
43,10
35,8
58,9
32,13
40,9
32,9
21,10
44,9
33,13
25,10
42,9
27,9
62,6
31,9
33,13
50,10
50,14
46,11
22,12
66,15
52,9
57,2
41,11
42,9
19,8
45,13
51,8
69,12
45,13
48,10
60,10
42,9
19,10
39,9
46,9
58,9
36,10
21,9
41,15
17,7
29,9
52,10
33,12
38,14
42,13
24,12
59,10
36,13
54,10
39,13
42,9
54,13
26,12
50,9
42,11
48,13
31,13
56,9
28,12
34,9
28,9
41,13
44,10
34,12
26,14
37,13
64,10
25,11
48,10
47,10
17,7
44,3
46,10
32,13
42,10
33,13
61,9
47,13
35,13
62,6
62,13
38,15
19,10
33,13
39,13
17,7
58,10
35,13
34,9
55,4
32,10
19,9
41,9
24,9
52,9
48,13
32,10
47,9
38,15
18,9
25,9
36,13
40,11
56,7
50,11
55,9
32,9
41,11
28,10
53,10
26,11
60,13
21,10
29,9
73,10
43,13
45,10
35,5
36,9
25,9
38,10
30,10
49,10
41,9
27,10
64,10
41,9
37,13
51,3
35,10
61,2
52,4
40,12
20,9
52,14
50,10
49,13
36,13
33,14
40,9
45,13
22,10
47,14
24,9
19,10
40,9
40,10
54,9
43,15
63,13
18,7
19,2
49,9
27,14
49,14
60,9
71,9
34,9
29,13
30,10
46,9
32,11
25,9
25,14
22,10
32,10
40,16
51,14
20,9
34,9
40,10
34,11
19,6
53,6
42,10
38,14
41,9
64,15
30,10
20,7
19,9
20,9
35,13
33,9
43,10
38,10
50,10
23,9
30,10
33,13
48,9
43,13
33,10
50,14
23,10
36,10
50,9
26,9
55,14
37,9
43,9
38,10
42,4
47,16
44,13
28,9
51,10
51,9
49,13
62,16
31,10
29,7
23,10
40,10
66,4
17,7
37,10
69,15
23,13
38,9
37,9
38,10
38,5
37,13
37,9
23,5
17,6
48,13
17,7
55,14
35,10
68,10
35,13
53,13
43,9
36,14
24,9
45,10
34,10
56,9
36,9
22,10
19,5
33,9
48,9
20,10
64,12
47,7
20,10
44,13
45,13
45,9
45,14
27,13
41,9
20,9
54,13
17,6
50,9
31,14
49,9
44,14
49,9
28,13
43,10
33,12
35,10
17,7
25,9
41,9
30,14
48,11
61,10
41,9
36,9
24,10
27,9
18,7
20,10
18,10
23,9
43,14
38,10
36,10
28,13
47,10
51,16
35,13
38,13
47,10
26,7
31,10
46,10
49,10
19,9
45,10
46,13
70,10
19,10
46,11
20,10
17,7
43,10
19,10
37,9
51,9
40,13
24,10
31,12
59,11
27,9
40,13
30,9
28,12
25,9
22,13
21,10
67,10
35,13
54,9
36,9
29,13
32,9
55,9
56,14
19,10
36,9
58,9
35,9
44,6
40,9
18,9
71,9
51,9
27,9
20,8
33,7
34,11
28,11
23,10
36,10
42,15
31,13
19,9
38,14
22,9
36,11
36,14
17,7
30,10
35,5
32,14
42,13
54,10
36,13
58,6
39,11
62,9
51,9
52,10
25,9
26,13
26,6
59,13
21,9
45,14
26,9
68,6
60,9
65,9
41,14
34,9
28,9
40,11
57,14
37,7
34,6
21,7
57,13
55,13
51,9
56,13
32,10
18,10
48,11
46,13
41,15
33,9
33,9
47,3
46,9
40,9
42,9
31,13
51,7
44,10
37,9
25,7
63,4
52,9
42,10
28,9
30,14
34,13
37,12
31,9
35,10
25,10
38,9
43,9
22,10
18,7
26,9
36,9
43,9
21,10
62,10
26,9
54,13
18,7
65,9
41,9
31,5
56,5
50,13
22,13
36,10
48,16
30,9
35,10
37,9
32,9
56,14
29,9
41,12
38,9
34,5
54,8
36,11
42,11
33,9
21,9
69,6
32,12
50,9
40,8
45,9
31,9
24,13
28,13
21,12
43,11
22,9
62,9
21,10
37,10
34,10
74,13
43,10
25,10
43,7
23,7
33,9
51,13
64,13
35,10
69,6
32,13
20,10
66,9
31,10
22,10
32,15
23,12
21,10
36,9
62,4
24,9
45,10
27,7
38,15
20,10
30,10
17,6
17,7
21,11
56,9
59,14
37,10
52,10
50,10
55,13
55,13
45,9
72,10
39,10
28,8
38,13
44,10
51,9
20,10
25,10
52,10
45,9
17,7
20,9
64,14
34,9
74,10
58,7
44,14
23,12
23,9
27,11
34,13
18,9
33,7
50,10
47,9
50,15
18,7
49,15
34,10
51,14
56,10
64,9
23,10
33,10
43,14
60,9
57,8
22,13
23,13
54,10
39,9
32,14
20,10
30,10
56,9
34,9
32,9
59,14
19,10
60,5
29,9
24,10
41,14
23,4
32,9
51,9
18,9
28,10
33,10
38,9
29,13
25,9
31,15
34,13
34,9
66,9
41,3
62,4
58,9
40,9
24,13
47,9
19,9
32,10
51,10
25,5
60,14
22,10
29,13
20,9
42,4
18,9
23,6
28,13
55,13
40,9
52,10
37,9
21,10
35,11
45,10
39,9
54,9
42,4
26,10
59,12
42,9
22,10
33,13
39,10
18,7
46,10
24,13
28,11
21,9
22,7
61,3
56,10
21,10
17,6
29,10
28,9
62,9
39,9
30,9
20,7
18,7
54,9
49,10
33,16
50,13
57,9
50,9
45,13
41,10
23,9
23,13
47,9
39,13
29,11
46,9
18,3
68,4
62,11
43,12
35,9
21,9
21,10
41,11
61,9
24,9
21,9
36,3
37,11
69,8
49,10
55,9
21,9
18,6
26,9
20,10
46,9
23,6
48,9
36,9
42,14
41,14
45,12
52,9
22,13
20,10
27,9
36,9
34,9
38,14
20,10
47,9
21,9
33,9
31,12
61,8
46,6
55,14
19,10
39,9
61,9
28,10
28,6
61,9
61,9
54,10
50,10
37,14
17,7
56,9
31,13
32,13
28,7
34,11
33,6
42,11
64,11
29,10
41,3
45,10
48,14
44,10
34,10
40,9
45,9
23,10
51,13
24,9
57,13
23,10
34,10
36,9
56,15
42,9
45,13
38,13
29,11
54,13
40,9
29,9
35,13
47,9
51,11
28,9
58,9
24,9
46,9
57,6
22,9
28,13
17,6
23,9
19,9
66,9
38,10
39,10
39,8
47,9
39,9
22,10
36,9
32,10
29,9
43,13
51,9
42,3
32,8
34,10
51,11
38,13
21,9
33,13
34,9
32,9
38,11
27,9
35,10
29,13
40,9
46,4
37,9
38,9
37,10
44,13
25,14
38,9
34,12
50,9
46,10
20,3
47,11
46,16
34,12
61,9
55,10
36,9
28,10
22,9
34,10
33,10
27,9
43,14
55,6
39,6
20,10
38,9
30,10
21,7
60,9
43,10
36,9
23,10
57,10
25,9
38,9
22,9
23,3
61,9
28,10
17,7
21,10
49,14
37,8
23,10
38,10
34,13
21,9
27,10
57,9
22,9
20,10
49,10
38,9
40,13
44,9
37,10
57,14
56,4
41,12
50,9
33,5
29,14
28,13
35,6
36,9
45,16
30,12
35,9
27,11
22,9
24,10
47,13
47,10
18,7
18,10
31,9
43,14
45,9
39,9
30,13
22,10
30,9
36,16
20,12
61,2
27,9
59,10
60,9
43,13
35,9
40,13
20,7
47,14
40,12
20,9
75,10
25,10
47,11
29,12
34,9
45,13
23,10
46,12
41,10
29,13
17,7
39,5
37,9
34,9
20,9
18,9
52,11
42,12
22,3
66,10
35,9
40,12
21,9
51,9
34,6
24,9
43,13
34,13
42,14
41,11
21,9
64,4
24,9
23,10
29,9
44,9
28,13
33,9
35,10
41,6
42,13
51,10
32,7
37,9
18,7
24,11
29,10
45,10
52,13
35,9
46,13
63,9
32,13
24,9
72,10
35,10
29,13
35,13
70,6
65,13
36,9
53,9
49,9
60,15
18,7
21,10
42,6
25,14
32,9
25,9
47,13
30,11
21,12
38,13
34,9
37,12
56,9
52,11
23,13
29,9
45,9
23,13
45,14
30,13
45,13
26,9
23,10
24,10
43,14
42,9
72,10
21,10
57,13
24,13
27,9
54,9
42,9
17,5
48,13
39,13
41,13
50,4
57,9
44,16
20,9
49,9
44,12
42,11
18,10
18,8
51,9
28,13
39,12
25,9
41,15
39,10
42,7
33,9
63,6
47,10
27,13
39,14
20,10
49,9
70,9
46,9
47,9
35,5
24,9
22,10
43,13
60,14
53,7
47,10
34,10
37,11
35,9
23,10
27,9
29,9
23,10
35,9
18,9
27,13
56,10
40,9
31,13
18,10
25,12
36,10
38,6
52,9
23,9
48,10
34,9
46,9
26,9
47,9
21,10
65,13
31,9
38,9
68,9
26,13
42,9
49,9
42,13
39,14
31,5
28,13
36,13
42,10
62,9
21,9
21,10
60,9
22,10
30,6
64,9
28,13
41,12
25,9
27,9
40,12
58,10
31,15
50,9
27,9
31,9
50,13
45,9
33,8
62,10
38,9
19,10
30,7
38,10
42,9
49,10
53,14
45,10
24,10
29,11
24,10
38,13
25,11
51,6
17,7
19,10
38,10
60,9
29,9
66,10
28,6
36,9
57,9
24,12
43,12
29,15
67,15
20,9
21,10
20,6
42,12
20,10
19,9
34,9
40,13
33,10
36,10
43,12
41,9
34,9
33,12
47,9
41,2
40,9
28,13
62,9
29,9
46,10
28,9
57,9
22,10
28,12
24,13
54,13
22,7
36,13
50,10
18,7
52,12
41,4
21,9
36,13
34,13
21,11
46,9
57,10
61,14
22,10
33,7
36,15
43,14
25,12
17,6
45,11
30,15
40,14
31,14
42,13
53,9
37,2
37,9
54,10
36,9
46,10
46,13
32,5
17,7
42,13
37,9
29,9
54,13
38,8
46,9
24,9
57,2
59,2
33,13
35,9
53,9
26,9
55,14
46,9
44,13
30,11
24,10
32,6
35,13
67,14
56,13
26,14
46,12
52,9
38,10
31,9
53,9
27,9
39,13
22,9
37,10
20,9
60,9
51,11
57,15
59,10
37,9
35,9
43,10
17,8
45,13
18,9
52,8
18,10
20,10
34,9
19,9
18,8
17,5
30,13
29,13
30,10
18,5
50,13
22,9
21,9
39,5
20,10
62,12
32,10
38,12
32,10
55,13
38,14
34,7
28,9
26,10
41,9
61,16
75,9
21,11
50,9
49,10
26,9
39,4
24,10
56,9
17,7
37,9
23,11
28,9
57,9
42,13
25,13
22,13
39,9
54,7
41,13
43,9
19,9
35,10
34,9
19,9
33,10
33,10
49,14
31,9
69,9
41,11
24,9
45,9
63,13
75,10
34,9
69,13
33,14
44,9
45,13
18,7
48,9
43,9
26,9
35,9
34,10
48,9
54,9
57,9
21,9
28,10
51,11
34,9
41,10
21,10
26,13
66,9
40,16
48,12
44,13
41,9
41,13
55,12
43,13
51,11
31,7
30,13
51,9
31,9
18,10
60,9
29,9
33,9
34,3
40,14
57,10
55,13
40,12
26,13
29,10
30,13
29,14
43,10
65,7
19,10
35,9
28,9
34,9
61,11
63,9
47,13
31,10
18,10
29,13
59,9
50,14
49,4
60,13
35,14
48,9
21,10
41,9
56,10
26,8
53,9
23,9
58,4
61,9
29,10
22,9
43,13
31,10
90,9
53,11
22,10
55,9
34,16
28,10
22,10
36,9
33,13
17,6
38,7
60,11
34,13
72,9
57,3
39,9
50,13
45,13
37,13
27,10
43,13
41,10
20,14
44,14
50,11
54,9
31,13
33,10
22,5
46,10
30,13
22,10
59,9
57,10
26,9
52,12
55,14
47,13
19,9
26,9
44,12
42,14
39,10
17,7
26,9
26,14
50,14
46,14
18,10
26,13
32,13
50,3
47,10
52,9
25,10
42,7
53,9
30,9
23,2
23,13
32,10
29,9
40,12
45,14
17,6
55,13
59,14
56,11
23,8
37,9
25,9
22,10
27,5
21,9
47,9
38,10
62,14
27,10
25,11
27,9
40,10
22,10
33,9
28,11
28,9
29,9
46,5
30,9
65,9
28,10
39,13
35,10
50,10
25,6
63,5
56,11
46,10
19,10
56,14
31,9
51,14
17,7
27,10
30,10
18,10
41,10
40,14
35,13
29,9
27,13
25,6
53,2
53,13
26,9
41,13
28,9
48,14
22,13
40,15
52,13
53,14
40,10
57,12
53,11
23,10
31,10
20,5
25,15
37,10
50,9
34,9
37,13
52,13
29,11
49,10
31,10
47,9
51,9
27,9
23,13
55,9
28,10
31,13
30,9
23,13
19,9
22,10
50,9
64,9
21,9
75,10
29,9
47,10
20,9
33,9
45,16
41,11
23,9
38,13
67,10
21,10
38,10
31,9
19,10
59,10
36,9
50,10
60,6
30,14
28,13
36,10
21,10
27,9
18,8
44,10
56,4
51,13
48,13
31,11
35,11
35,9
36,10
47,12
23,10
21,10
49,10
51,15
46,11
31,9
27,9
56,12
48,10
30,10
29,13
50,14
18,9
37,9
51,9
31,9
29,11
39,6
48,10
44,13
39,6
22,7
27,10
42,5
18,9
27,10
51,6
27,10
60,7
36,2
45,13
40,9
63,10
41,9
53,8
34,9
34,10
31,13
22,12
49,10
43,9
36,15
27,13
52,9
29,9
27,6
42,9
49,13
24,10
22,9
30,13
28,10
20,11
45,15
39,9
43,15
18,9
53,9
74,10
39,13
33,6
49,9
21,6
65,10
39,9
49,11
20,10
47,13
46,9
29,11
61,9
48,10
44,5
37,13
45,10
51,13
33,13
55,13
25,10
26,9
54,9
38,9
39,14
20,10
30,9
29,9
42,9
24,12
36,9
60,14
42,9
42,6
46,9
52,14
27,11
43,10
43,13
27,7
52,14
31,10
38,4
44,5
27,10
50,10
23,10
22,10
36,10
24,13
59,10
39,11
23,13
37,13
25,12
40,9
38,13
31,9
28,16
24,9
46,12
29,9
38,15
53,10
33,9
39,13
44,9
46,13
30,13
24,10
29,9
62,10
25,9
45,10
21,10
64,10
39,13
60,9
35,9
27,13
41,9
32,14
24,9
32,13
42,10
58,14
23,14
31,9
28,13
41,10
37,13
19,9
27,13
61,5
39,13
25,13
58,10
27,10
51,3
43,14
46,9
67,3
50,9
20,9
35,13
57,2
40,15
42,6
67,6
47,13
30,9
26,7
51,9
38,10
24,9
48,9
34,13
70,13
35,9
61,14
26,10
64,9
26,9
39,9
55,10
23,10
33,9
31,13
28,9
50,14
26,13
44,12
51,9
34,9
37,13
29,15
24,13
27,11
44,10
24,9
54,9
47,10
30,9
35,10
39,10
42,12
70,13
41,15
36,9
44,14
42,9
20,10
29,6
27,9
30,14
59,10
31,13
21,9
26,10
57,9
59,10
87,9
25,10
39,14
53,14
32,9
38,7
21,11
17,7
44,7
23,10
57,10
30,7
51,9
54,9
44,10
60,10
28,13
39,9
55,14
36,14
55,14
33,9
30,9
40,13
30,14
40,10
24,9
18,7
18,9
49,9
42,9
28,9
32,12
48,10
24,4
73,9
35,14
23,10
19,10
27,9
27,8
41,15
31,9
64,9
45,8
47,9
22,9
24,13
69,9
40,11
45,9
47,12
31,9
48,12
41,13
34,13
48,10
28,11
20,12
39,13
40,10
28,6
20,10
41,13
49,10
24,9
35,9
22,10
23,13
23,9
42,11
34,10
32,11
54,9
48,13
38,13
48,13
22,3
42,13
31,16
27,9
57,14
46,11
44,11
42,10
24,13
38,2
29,13
38,9
33,10
61,9
49,11
51,12
42,9
21,9
29,9
54,10
23,10
52,6
28,14
23,10
43,9
45,10
51,4
29,9
23,10
73,13
47,7
61,9
26,11
40,9
32,13
39,6
33,13
35,9
42,9
46,10
33,9
47,3
33,13
26,9
42,10
28,13
29,3
18,8
33,10
36,13
33,9
40,9
57,16
40,9
36,9
45,13
52,13
24,9
30,9
28,9
46,16
36,9
48,9
36,11
48,9
21,10
18,9
38,13
66,7
36,13
38,9
55,15
27,9
22,12
29,10
40,10
21,10
49,9
29,13
28,13
26,9
33,9
72,15
59,14
37,11
56,6
27,10
39,14
49,14
30,9
28,5
25,13
18,6
25,12
36,10
52,9
20,8
25,9
26,13
50,13
48,12
39,9
30,13
26,9
36,10
49,16
34,13
28,9
28,9
42,10
26,9
54,9
66,5
61,9
45,15
29,13
74,9
61,9
27,10
53,13
57,9
41,10
45,13
43,9
26,13
29,9
65,4
41,13
31,13
50,9
52,9
18,9
26,4
57,9
63,10
29,9
32,13
34,9
43,9
39,10
28,9
32,13
28,15
40,10
25,13
54,14
48,13
51,10
67,4
17,6
24,10
25,9
68,9
54,10
32,9
61,10
41,9
53,9
45,11
64,4
51,9
41,14
40,11
27,9
41,13
51,13
36,10
34,9
43,9
61,9
31,6
34,9
43,9
52,8
18,7
37,10
60,9
47,10
21,10
34,13
28,9
40,11
26,12
48,10
46,10
58,10
32,9
90,9
38,10
20,12
43,10
17,7
36,8
36,9
30,9
45,9
51,9
29,10
35,11
19,10
56,5
64,10
62,9
24,9
33,12
43,13
22,10
44,10
37,9
34,10
43,11
39,9
30,10
58,4
31,10
45,9
30,10
42,10
50,14
25,11
34,13
50,10
72,7
60,16
41,12
71,4
40,15
22,13
52,13
30,10
36,9
40,10
31,12
44,13
38,15
46,15
57,15
39,7
42,13
43,11
22,10
44,13
22,10
37,10
20,10
26,13
35,9
28,9
34,10
17,6
18,9
25,9
44,13
61,2
39,10
61,13
19,10
22,9
19,10
45,13
20,10
37,9
26,10
17,6
26,13
58,9
61,16
64,9
19,9
36,13
47,12
62,10
36,15
38,10
54,9
31,13
26,10
50,9
41,10
52,13
28,9
23,9
46,10
32,9
59,9
30,10
58,14
31,9
36,10
31,1
52,15
29,10
48,14
30,14
58,7
20,10
19,10
63,9
51,13
53,12
54,9
35,10
26,9
47,10
44,13
80,4
55,16
43,14
49,13
27,15
42,11
39,5
36,9
32,9
58,10
63,5
49,10
36,10
46,10
47,14
39,9
33,15
43,9
30,10
39,11
44,10
27,13
80,12
31,12
34,9
28,12
55,9
36,9
42,10
67,13
53,10
43,10
29,13
19,10
51,11
21,11
54,10
42,15
41,10
28,9
31,11
82,9
23,13
40,9
35,9
24,9
21,10
27,10
29,11
40,13
17,8
27,2
34,9
18,6
39,13
34,10
44,9
18,7
39,13
28,2
30,9
60,9
58,9
49,13
61,9
27,9
59,12
52,10
42,13
27,10
41,14
35,10
50,13
36,6
21,9
38,12
46,10
59,10
55,9
49,14
59,10
38,10
22,10
28,8
47,13
59,10
37,9
33,13
34,6
35,14
55,6
18,8
48,12
48,14
70,10
27,9
43,14
32,10
62,9
18,9
50,13
38,9
18,5
46,5
26,10
44,4
32,10
25,13
55,9
55,10
25,10
40,13
29,11
60,7
45,9
43,9
24,9
34,13
47,10
24,9
47,10
18,7
50,10
22,10
49,13
41,9
68,9
62,4
25,13
24,10
44,13
32,5
49,14
68,10
25,12
47,13
35,13
37,7
57,9
37,13
34,6
46,11
21,7
26,9
45,9
17,9
36,12
33,8
27,9
32,9
24,9
37,9
53,16
44,10
43,9
29,9
47,13
37,14
43,15
23,10
50,13
25,10
40,10
39,11
41,9
32,9
19,10
26,9
30,13
34,10
41,10
42,13
45,11
22,10
25,10
22,10
46,15
48,10
45,9
19,10
31,7
30,10
40,12
60,10
52,8
22,10
25,10
51,14
32,12
51,13
42,10
39,9
24,9
52,9
58,2
43,14
31,9
28,9
31,14
61,9
26,13
46,13
62,9
50,14
18,7
23,13
21,10
46,12
38,9
53,8
53,9
50,10
26,9
46,14
44,13
36,14
20,10
35,4
40,13
70,9
57,4
40,1
18,7
45,13
52,13
24,9
42,13
28,9
32,11
56,13
44,2
20,10
32,13
59,10
21,9
32,14
49,9
22,13
51,10
33,9
23,13
34,9
53,8
44,13
60,10
55,10
57,9
59,16
26,10
30,11
49,13
45,8
29,13
37,9
21,8
36,9
18,9
37,13
19,9
65,4
30,11
27,14
59,10
32,11
25,13
40,13
21,5
49,13
49,10
51,9
48,5
42,10
53,7
29,9
21,9
54,9
66,13
34,13
39,13
62,11
30,9
27,13
25,11
26,9
45,9
55,10
26,9
45,13
61,14
34,4
26,9
44,14
45,10
55,10
20,10
48,12
33,9
44,5
32,13
54,4
40,14
29,9
56,6
47,9
22,10
46,10
24,10
37,9
49,9
44,10
21,9
55,9
23,13
50,7
44,11
48,10
38,14
48,15
39,10
52,9
63,9
48,9
37,14
26,14
50,7
47,15
19,9
34,10
29,10
33,9
53,10
24,9
39,10
50,12
31,13
22,11
42,13
23,8
22,7
65,3
34,9
23,10
38,13
45,10
19,9
46,13
23,10
37,9
59,13
36,13
35,13
51,10
42,13
35,14
20,9
25,9
41,6
40,9
36,12
34,14
44,13
31,13
41,9
43,10
43,14
58,6
19,10
43,13
50,9
44,10
46,9
52,13
52,9
18,8
29,13
19,9
34,13
23,10
64,10
68,6
42,9
41,9
41,9
22,10
67,10
27,10
25,14
49,9
28,12
51,16
23,13
19,8
72,3
33,10
53,10
35,11
31,13
18,8
45,11
28,13
22,3
55,10
45,9
22,9
37,9
28,9
19,7
37,9
50,16
31,9
40,1
51,5
56,9
21,10
40,11
22,10
47,15
44,9
30,10
44,10
41,9
47,12
26,10
34,11
47,15
36,9
21,11
45,13
33,9
33,9
58,9
31,12
32,10
44,13
24,14
35,13
43,13
49,9
37,13
42,13
31,10
19,9
41,16
51,9
51,15
63,6
39,10
30,9
62,10
27,9
32,7
37,13
47,14
31,14
42,9
37,11
60,9
42,10
38,10
24,12
34,9
20,10
29,10
90,9
55,8
36,9
49,10
50,13
17,7
54,9
26,13
44,12
28,13
54,16
21,5
24,11
31,9
59,10
41,10
29,9
50,13
32,10
42,10
47,9
44,10
49,13
61,14
65,4
45,9
59,9
30,9
34,10
24,2
42,13
37,10
36,6
21,10
54,14
34,8
41,10
18,10
26,9
23,9
63,10
34,13
54,9
37,9
54,9
22,10
32,9
42,10
31,10
48,16
28,13
31,6
28,13
24,8
50,9
26,9
37,10
24,3
18,7
32,9
23,13
33,9
49,9
75,14
74,13
26,10
66,9
34,13
18,8
33,9
36,13
44,13
36,7
53,11
60,4
28,9
36,6
35,11
45,11
23,10
35,10
34,10
46,1
58,9
55,14
63,9
41,10
45,11
41,14
42,9
90,4
41,9
22,9
53,15
49,13
51,10
22,13
23,11
59,9
40,9
28,9
39,9
25,9
48,10
62,5
44,9
28,13
62,10
32,9
59,9
20,10
40,12
47,10
60,10
55,9
18,8
43,13
31,9
22,9
56,9
41,9
24,9
42,13
53,10
52,4
42,10
48,2
35,9
33,7
20,10
33,10
30,13
31,10
29,9
26,9
61,10
45,3
29,9
57,9
33,12
20,10
26,13
36,13
23,13
31,9
47,9
61,7
35,13
23,2
20,9
41,9
39,13
51,16
61,4
51,4
36,1
41,13
34,9
25,9
37,15
19,9
66,14
23,13
30,10
53,10
25,10
18,9
51,9
61,9
53,9
17,6
61,4
44,14
38,5
40,10
32,10
46,10
50,10
36,13
30,7
33,14
36,13
85,13
62,9
24,13
48,9
58,9
45,13
66,9
37,15
55,5
39,9
58,16
50,16
28,10
34,14
41,14
36,12
22,9
35,8
49,8
21,12
64,4
41,14
52,11
32,10
27,10
48,10
28,9
24,10
51,10
32,10
61,9
60,5
33,9
42,9
24,7
82,9
26,10
18,7
34,9
57,9
25,9
34,7
71,5
35,13
47,9
50,14
33,6
38,11
50,13
45,6
32,9
39,9
25,13
20,9
46,14
40,11
66,6
30,11
36,4
57,9
46,10
27,9
33,9
58,7
30,9
26,12
81,11
32,6
22,10
31,9
29,9
35,13
30,13
34,16
54,13
37,10
22,8
34,13
30,9
38,13
71,16
45,9
41,9
72,9
45,12
31,14
39,12
37,12
43,9
65,15
43,10
43,10
32,6
43,11
32,14
53,14
22,10
27,12
40,9
58,9
22,9
52,9
